episode,environment_steps,episode_steps,scenario_id,condition,success,collision,budget_cutoff,return,epsilon,demo_samples_cumulative,online_samples_cumulative,visible_dynamic_steps_cumulative,reference_risk_steps_cumulative,sampled_visible_dynamic_cumulative,risk_samples_cumulative,risk_buffer_size,risk_coverage_count,handover_progress,proposed_risk_steps_cumulative,intervention_steps_cumulative,teacher_fallback_steps_cumulative,teacher_unavailable_steps_cumulative,teacher_cache_hits_cumulative,teacher_planner_calls_cumulative,safe_samples_cumulative,safe_buffer_size,safe_coverage_count
0,84,84,pair_003_n5_003_conflict,conflict,1,0,0,12.420000000000002,0.29986166666666664,1344,4032,52,0,8,0,0,0,0.0,0,0,0,0,0,0,0,0,0
1,173,89,pair_002_n5_002_conflict,conflict,1,0,0,12.370000000000001,0.29971333333333333,2768,8304,91,1,45,0,0,0,0.0,1,1,0,0,0,1,0,1,1
2,307,134,pair_014_n5_014_conflict,conflict,1,0,0,11.920000000000002,0.29949,4912,14736,197,6,150,0,0,0,0.0,13,13,0,0,0,13,0,13,6
3,397,90,pair_005_n3_005_control,control,1,0,0,12.360000000000003,0.29934,6352,19056,256,10,265,0,0,0,0.0,16,16,0,0,0,16,0,16,9
4,505,108,pair_001_n5_001_conflict,conflict,1,0,0,12.180000000000001,0.29916,8080,24240,332,11,419,0,0,0,0.0,22,22,0,0,0,22,0,22,13
5,594,89,pair_001_n3_001_conflict,conflict,1,0,0,12.370000000000001,0.2990116666666667,9504,28512,390,11,599,0,0,0,0.0,22,22,0,0,0,22,0,22,13
6,703,109,pair_004_n3_004_control,control,1,0,0,12.170000000000002,0.29883,11248,33744,460,11,867,0,0,0,0.0,23,23,0,0,0,23,0,23,14
7,799,96,pair_004_n5_004_conflict,conflict,1,0,0,12.300000000000002,0.29867,12784,38352,508,12,1156,0,0,0,0.0,27,27,0,0,0,27,0,27,14
8,918,119,pair_004_n5_004_control,control,1,0,0,12.07,0.29847166666666664,14688,44064,559,13,1506,0,0,0,0.0,29,29,0,0,0,29,0,29,14
9,1003,85,pair_011_n5_011_control,control,1,0,0,12.410000000000002,0.29833,16048,48144,624,13,1769,0,0,0,0.0,29,29,0,0,0,29,0,29,14
10,1115,112,pair_003_n3_003_conflict,conflict,1,0,0,12.14,0.2981433333333333,17840,53520,672,15,2154,0,0,0,0.0,31,31,0,0,0,31,0,31,14
11,1240,125,pair_005_n5_005_conflict,conflict,1,0,0,12.010000000000002,0.297935,19840,59520,774,16,2660,0,0,0,0.0,32,32,0,0,0,32,0,32,14
12,1342,102,pair_001_n3_001_control,control,1,0,0,12.240000000000002,0.297765,21472,64416,825,17,3093,0,0,0,0.0,35,35,0,0,0,35,0,35,17
13,1426,84,pair_006_n5_006_control,control,1,0,0,12.420000000000002,0.297625,22816,68448,907,19,3471,0,0,0,0.0,38,38,0,0,0,38,0,38,17
14,1512,86,pair_016_n5_016_control,control,1,0,0,12.400000000000002,0.29748166666666664,24192,72576,961,21,3920,0,0,0,0.0,40,40,0,0,0,40,0,40,17
15,1591,79,pair_007_n5_007_control,control,1,0,0,12.470000000000002,0.29735,25456,76368,1017,21,4343,0,0,0,0.0,42,42,0,0,0,42,0,42,17
16,1691,100,pair_007_n3_007_conflict,conflict,1,0,0,12.260000000000002,0.2971833333333333,27056,81168,1051,22,4908,0,0,0,0.0,44,44,0,0,0,44,0,44,17
17,1792,101,pair_008_n5_008_control,control,1,0,0,12.250000000000002,0.297015,28672,86016,1137,23,5538,0,0,0,0.0,47,47,0,0,0,47,0,47,17
18,1903,111,pair_000_n3_000_conflict,conflict,1,0,0,12.150000000000002,0.29683,30448,91344,1203,23,6232,0,0,0,0.0,47,47,0,0,0,47,0,47,17
19,1982,79,pair_011_n3_011_conflict,conflict,1,0,0,12.470000000000002,0.29669833333333334,31712,95136,1253,23,6781,0,0,0,0.0,48,48,0,0,0,48,0,48,17
20,2084,102,pair_010_n3_010_control,control,1,0,0,12.240000000000002,0.29652833333333334,33344,100032,1310,24,7545,0,0,0,0.0,53,53,0,0,0,53,0,53,17
21,2186,102,pair_002_n3_002_control,control,1,0,0,12.240000000000002,0.29635833333333333,34976,104928,1366,25,8267,0,0,0,0.0,55,55,0,0,0,55,0,55,17
22,2279,93,pair_017_n5_017_conflict,conflict,1,0,0,12.330000000000002,0.2962033333333333,36464,109392,1429,26,8952,0,0,0,0.0,56,56,0,0,0,56,0,56,17
23,2360,81,pair_016_n3_016_conflict,conflict,1,0,0,12.450000000000001,0.2960683333333333,37760,113280,1468,26,9575,0,0,0,0.0,56,56,0,0,0,56,0,56,17
24,2465,105,pair_012_n5_012_conflict,conflict,1,0,0,12.21,0.29589333333333334,39440,118320,1544,30,10402,0,0,0,0.0,60,60,0,0,0,60,0,60,17
25,2576,111,pair_000_n3_000_control,control,1,0,0,12.150000000000002,0.2957083333333333,41216,123648,1605,32,11345,0,0,0,0.0,63,63,0,0,0,63,0,63,17
26,2672,96,pair_007_n3_007_control,control,1,0,0,12.3,0.2955483333333333,42752,128256,1685,35,12175,0,0,0,0.0,69,69,0,0,0,69,0,69,18
27,2745,73,pair_008_n3_008_conflict,conflict,1,0,0,12.530000000000001,0.29542666666666667,43920,131760,1721,35,12864,0,0,0,0.0,70,70,0,0,0,70,0,70,18
28,2836,91,pair_012_n3_012_control,control,1,0,0,12.350000000000001,0.295275,45376,136128,1765,35,13706,0,0,0,0.0,71,71,0,0,0,71,0,71,18
29,2951,115,pair_010_n5_010_control,control,1,0,0,12.110000000000001,0.2950833333333333,47216,141648,1834,35,14871,0,0,0,0.0,71,71,0,0,0,71,0,71,18
30,3034,83,pair_015_n3_015_conflict,conflict,1,0,0,12.430000000000001,0.294945,48544,145632,1866,36,15754,0,0,0,0.0,73,73,0,0,0,73,0,73,18
31,3142,108,pair_013_n5_013_conflict,conflict,1,0,0,12.180000000000001,0.294765,50272,150816,1923,38,16857,0,0,0,0.0,78,78,0,0,0,78,0,78,18
32,3234,92,pair_006_n3_006_conflict,conflict,1,0,0,12.340000000000002,0.29461166666666666,51744,155232,1967,38,17806,0,0,0,0.0,79,79,0,0,0,79,0,79,18
33,3336,102,pair_000_n5_000_conflict,conflict,1,0,0,12.240000000000002,0.29444166666666666,53376,160128,2024,39,18881,0,0,0,0.0,81,81,0,0,0,81,0,81,18
34,3438,102,pair_006_n3_006_control,control,1,0,0,12.240000000000002,0.29427166666666665,55008,165024,2070,40,20037,0,0,0,0.0,83,83,0,0,0,83,0,83,18
35,3534,96,pair_011_n5_011_conflict,conflict,1,0,0,12.3,0.29411166666666666,56544,169632,2154,41,21077,0,0,0,0.0,87,87,0,0,0,87,0,87,18
36,3624,90,pair_010_n3_010_conflict,conflict,1,0,0,12.360000000000001,0.2939616666666667,57984,173952,2202,41,22195,0,0,0,0.0,87,87,0,0,0,87,0,87,18
37,3721,97,pair_003_n3_003_control,control,1,0,0,12.290000000000001,0.2938,59536,178608,2252,41,23412,0,0,0,0.0,87,87,0,0,0,87,0,87,18
38,3821,100,pair_005_n3_005_conflict,conflict,1,0,0,12.260000000000002,0.2936333333333333,61136,183408,2297,41,24666,0,0,0,0.0,89,89,0,0,0,89,0,89,19
39,3914,93,pair_015_n5_015_control,control,1,0,0,12.330000000000002,0.29347833333333334,62624,187872,2368,41,25879,0,0,0,0.0,90,90,0,0,0,90,0,90,19
40,4003,89,pair_016_n3_016_control,control,1,0,0,12.370000000000001,0.29333,64048,192144,2417,42,27066,0,0,0,0.0,91,91,0,0,0,91,0,91,19
41,4080,77,pair_012_n5_012_control,control,1,0,0,12.490000000000002,0.29320166666666664,65280,195840,2445,42,28072,0,0,0,0.0,91,91,0,0,0,91,0,91,19
42,4181,101,pair_012_n3_012_conflict,conflict,1,0,0,12.250000000000002,0.2930333333333333,66896,200688,2481,42,29501,0,0,0,0.0,93,93,0,0,0,93,0,93,19
43,4276,95,pair_009_n3_009_control,control,1,0,0,12.310000000000002,0.292875,68416,205248,2527,42,30829,0,0,0,0.0,94,94,0,0,0,94,0,94,19
44,4382,106,pair_009_n3_009_conflict,conflict,1,0,0,12.200000000000001,0.29269833333333334,70112,210336,2554,42,32303,0,0,0,0.0,94,94,0,0,0,94,0,94,19
45,4467,85,pair_014_n3_014_control,control,1,0,0,12.410000000000002,0.29255666666666663,71472,214416,2588,42,33519,0,0,0,0.0,94,94,0,0,0,94,0,94,19
46,4569,102,pair_015_n3_015_control,control,1,0,0,12.240000000000002,0.2923866666666667,73104,219312,2611,42,35009,0,0,0,0.0,94,94,0,0,0,94,0,94,19
47,4656,87,pair_017_n5_017_control,control,1,0,0,12.39,0.2922416666666667,74496,223488,2668,43,36309,0,0,0,0.0,97,97,0,0,0,97,0,97,19
48,4756,100,pair_010_n5_010_conflict,conflict,1,0,0,12.260000000000002,0.292075,76096,228288,2710,43,37836,0,0,0,0.0,97,97,0,0,0,97,0,97,19
49,4862,106,pair_017_n3_017_control,control,1,0,0,12.200000000000001,0.2918983333333333,77792,233376,2745,43,39475,0,0,0,0.0,97,97,0,0,0,97,0,97,19
50,4984,122,pair_013_n5_013_control,control,1,0,0,12.040000000000001,0.291695,79744,239232,2775,44,41338,0,0,0,0.0,97,97,0,0,0,97,0,97,19
51,5103,119,pair_015_n5_015_conflict,conflict,1,0,0,12.07,0.2914966666666667,81648,244944,2820,46,43279,0,0,0,0.0,99,99,0,0,0,99,0,99,19
52,5211,108,pair_014_n5_014_control,control,1,0,0,12.180000000000001,0.29131666666666667,83376,250128,2876,46,45070,0,0,0,0.0,99,99,0,0,0,99,0,99,19
53,5303,92,pair_002_n5_002_control,control,1,0,0,12.340000000000002,0.29116333333333333,84848,254544,2915,48,46563,0,0,0,0.0,101,101,0,0,0,101,0,101,19
54,5404,101,pair_009_n5_009_conflict,conflict,1,0,0,12.250000000000002,0.290995,86464,259392,2973,49,48171,0,0,0,0.0,106,106,0,0,0,106,0,106,21
55,5506,102,pair_000_n5_000_control,control,1,0,0,12.240000000000002,0.290825,88096,264288,3034,50,49920,0,0,0,0.0,107,107,0,0,0,107,0,107,21
56,5592,86,pair_016_n5_016_conflict,conflict,1,0,0,12.400000000000002,0.29068166666666667,89472,268416,3092,50,51362,0,0,0,0.0,108,108,0,0,0,108,0,108,21
57,5674,82,pair_011_n3_011_control,control,1,0,0,12.440000000000001,0.290545,90784,272352,3125,50,52788,0,0,0,0.0,108,108,0,0,0,108,0,108,21
58,5773,99,pair_001_n5_001_control,control,1,0,0,12.270000000000001,0.29037999999999997,92368,277104,3146,50,54469,0,0,0,0.0,108,108,0,0,0,108,0,108,21
59,5868,95,pair_014_n3_014_conflict,conflict,1,0,0,12.310000000000002,0.29022166666666666,93888,281664,3199,50,56150,0,0,0,0.0,108,108,0,0,0,108,0,108,21
60,5953,85,pair_013_n3_013_control,control,1,0,0,12.410000000000002,0.29008,95248,285744,3223,50,57684,0,0,0,0.0,108,108,0,0,0,108,0,108,21
61,6049,96,pair_007_n5_007_conflict,conflict,1,0,0,12.3,0.28992,96784,290352,3293,50,59401,0,0,0,0.0,110,110,0,0,0,110,0,110,21
62,6140,91,pair_008_n5_008_conflict,conflict,1,0,0,12.350000000000001,0.2897683333333333,98240,294720,3358,50,61083,0,0,0,0.0,110,110,0,0,0,110,0,110,21
63,6229,89,pair_008_n3_008_control,control,1,0,0,12.370000000000003,0.28962,99664,298992,3397,50,62764,0,0,0,0.0,110,110,0,0,0,110,0,110,21
64,6332,103,pair_003_n5_003_control,control,1,0,0,12.23,0.2894483333333333,101312,303936,3452,50,64724,0,0,0,0.0,111,111,0,0,0,111,0,111,21
65,6432,100,pair_017_n3_017_conflict,conflict,1,0,0,12.260000000000002,0.28928166666666666,102912,308736,3505,50,66636,0,0,0,0.0,113,113,0,0,0,113,0,113,21
66,6555,123,pair_006_n5_006_conflict,conflict,1,0,0,12.030000000000001,0.28907666666666665,104880,314640,3563,50,69066,0,0,0,0.0,116,116,0,0,0,116,0,116,21
67,6643,88,pair_002_n3_002_conflict,conflict,1,0,0,12.380000000000003,0.28892999999999996,106288,318864,3595,50,70770,0,0,0,0.0,117,117,0,0,0,117,0,117,21
68,6745,102,pair_009_n5_009_control,control,1,0,0,12.240000000000002,0.28876,107920,323760,3635,50,72833,0,0,0,0.0,119,119,0,0,0,119,0,119,21
69,6829,84,pair_004_n3_004_conflict,conflict,1,0,0,12.420000000000002,0.28862,109264,327792,3676,53,74530,0,0,0,0.0,122,122,0,0,0,122,0,122,21
70,6913,84,pair_005_n5_005_control,control,1,0,0,12.420000000000002,0.28848,110608,331824,3723,53,76221,0,0,0,0.0,123,123,0,0,0,123,0,123,21
71,7004,91,pair_013_n3_013_conflict,conflict,1,0,0,12.350000000000001,0.2883283333333333,112064,336192,3754,53,78118,0,0,0,0.0,123,123,0,0,0,123,0,123,21
72,7100,96,pair_011_n3_011_control,control,1,0,0,12.3,0.2881683333333333,113600,340800,3767,54,80093,0,0,0,0.0,124,124,0,0,0,124,0,124,21
73,7179,79,pair_010_n3_010_conflict,conflict,1,0,0,12.470000000000002,0.28803666666666666,114864,344592,3786,54,81730,0,0,0,0.0,124,124,0,0,0,124,0,124,21
74,7266,87,pair_003_n5_003_conflict,conflict,1,0,0,12.39,0.28789166666666666,116256,348768,3844,55,83590,0,0,0,0.0,127,127,0,0,0,127,0,127,21
75,7365,99,pair_008_n5_008_conflict,conflict,1,0,0,12.270000000000001,0.28772666666666663,117840,353520,3880,56,85699,0,0,0,0.0,129,129,0,0,0,129,0,129,21
76,7460,95,pair_010_n5_010_control,control,1,0,0,12.310000000000002,0.2875683333333333,119360,358080,3917,56,87753,0,0,0,0.0,131,131,0,0,0,131,0,131,21
77,7558,98,pair_002_n5_002_control,control,1,0,0,12.280000000000001,0.28740499999999997,120928,362784,3955,56,89840,0,0,0,0.0,131,131,0,0,0,131,0,131,21
78,7661,103,pair_015_n5_015_control,control,1,0,0,12.23,0.28723333333333334,122576,367728,4041,58,92208,0,0,0,0.0,134,134,0,0,1,133,0,134,21
79,7756,95,pair_006_n5_006_control,control,1,0,0,12.310000000000002,0.28707499999999997,124096,372288,4120,60,94312,0,0,0,0.0,137,137,0,0,1,136,0,137,21
80,7875,119,pair_013_n3_013_control,control,1,0,0,12.07,0.28687666666666667,126000,378000,4184,61,97073,0,0,0,0.0,139,139,0,0,1,138,0,139,21
81,7951,76,pair_014_n3_014_conflict,conflict,1,0,0,12.500000000000002,0.28675,127216,381648,4226,61,98850,0,0,0,0.0,139,139,0,0,1,138,0,139,21
82,8036,85,pair_008_n5_008_control,control,1,0,0,12.410000000000002,0.2866083333333333,128576,385728,4287,61,100871,0,0,0,0.0,141,141,0,0,2,139,0,141,21
83,8142,106,pair_011_n5_011_conflict,conflict,1,0,0,12.200000000000001,0.28643166666666664,130272,390816,4361,61,103368,0,0,0,0.0,143,143,0,0,3,140,0,143,21
84,8239,97,pair_003_n3_003_control,control,1,0,0,12.290000000000001,0.28626999999999997,131824,395472,4405,61,105767,0,0,0,0.0,145,145,0,0,3,142,0,145,23
85,8359,120,pair_007_n3_007_conflict,conflict,1,0,0,12.06,0.28607,133744,401232,4491,61,108670,0,0,0,0.0,147,147,0,0,4,143,0,147,23
86,8450,91,pair_014_n3_014_control,control,1,0,0,12.350000000000001,0.28591833333333333,135200,405600,4526,62,110935,0,0,0,0.0,148,148,0,0,4,144,0,148,23
87,8543,93,pair_010_n5_010_conflict,conflict,1,0,0,12.330000000000002,0.2857633333333333,136688,410064,4580,63,113284,0,0,0,0.0,149,149,0,0,4,145,0,149,23
88,8651,108,pair_003_n3_003_conflict,conflict,1,0,0,12.180000000000001,0.2855833333333333,138416,415248,4630,64,116090,0,0,0,0.0,152,152,0,0,4,148,0,152,23
89,8733,82,pair_008_n3_008_control,control,1,0,0,12.440000000000001,0.2854466666666667,139728,419184,4651,65,118247,0,0,0,0.0,154,154,0,0,4,150,0,154,23
90,8823,90,pair_001_n5_001_control,control,1,0,0,12.360000000000001,0.28529666666666664,141168,423504,4710,65,120536,0,0,0,0.0,156,156,0,0,4,152,0,156,23
91,8907,84,pair_003_n5_003_control,control,1,0,0,12.420000000000002,0.28515666666666667,142512,427536,4751,66,122659,0,0,0,0.0,158,158,0,0,4,154,0,158,23
92,9001,94,pair_001_n5_001_conflict,conflict,1,0,0,12.32,0.285,144016,432048,4802,66,125072,0,0,0,0.0,159,159,0,0,4,155,0,159,23
93,9098,97,pair_001_n3_001_conflict,conflict,1,0,0,12.290000000000001,0.2848383333333333,145568,436704,4848,66,127469,0,0,0,0.0,161,161,0,0,4,157,0,161,23
94,9184,86,pair_006_n3_006_conflict,conflict,1,0,0,12.400000000000002,0.284695,146944,440832,4882,66,129625,0,0,0,0.0,161,161,0,0,4,157,0,161,23
95,9256,72,pair_005_n5_005_conflict,conflict,1,0,0,12.540000000000001,0.28457499999999997,148096,444288,4912,66,131470,0,0,0,0.0,161,161,0,0,4,157,0,161,23
96,9346,90,pair_013_n5_013_control,control,1,0,0,12.360000000000001,0.284425,149536,448608,4960,66,133730,0,0,0,0.0,162,162,0,0,4,158,0,162,23
97,9464,118,pair_001_n3_001_control,control,1,0,0,12.080000000000002,0.2842283333333333,151424,454272,5025,66,136676,0,0,0,0.0,163,163,0,0,4,159,0,163,23
98,9552,88,pair_008_n3_008_conflict,conflict,1,0,0,12.380000000000003,0.2840816666666667,152832,458496,5073,66,138850,0,0,0,0.0,164,164,0,0,4,160,0,164,23
99,9647,95,pair_015_n5_015_conflict,conflict,1,0,0,12.310000000000002,0.2839233333333333,154352,463056,5126,70,141204,0,0,0,0.0,167,167,0,0,4,163,0,167,23
100,9760,113,pair_006_n5_006_conflict,conflict,1,0,0,12.13,0.28373499999999996,156160,468480,5177,70,143991,0,0,0,0.0,167,167,0,0,4,163,0,167,23
101,9876,116,pair_007_n5_007_conflict,conflict,1,0,0,12.100000000000001,0.28354166666666664,158016,474048,5263,72,146887,0,0,0,0.0,167,167,0,0,4,163,0,167,23
102,9972,96,pair_012_n3_012_conflict,conflict,1,0,0,12.3,0.28338166666666664,159552,478656,5292,72,149255,0,0,0,0.0,168,168,0,0,4,164,0,168,23
103,10101,129,pair_017_n5_017_conflict,conflict,1,0,0,11.97,0.2831666666666667,161616,484848,5345,72,152454,0,0,0,0.0,168,168,0,0,4,164,0,168,23
104,10189,88,pair_012_n3_012_control,control,1,0,0,12.380000000000003,0.28302,163024,489072,5377,72,154594,0,0,0,0.0,168,168,0,0,4,164,0,168,23
105,10289,100,pair_000_n3_000_conflict,conflict,1,0,0,12.260000000000002,0.28285333333333335,164624,493872,5414,72,157029,0,0,0,0.0,168,168,0,0,4,164,0,168,23
106,10391,102,pair_014_n5_014_conflict,conflict,1,0,0,12.240000000000002,0.28268333333333334,166256,498768,5461,72,159488,0,0,0,0.0,168,168,0,0,4,164,0,168,23
107,10490,99,pair_000_n5_000_conflict,conflict,1,0,0,12.270000000000001,0.2825183333333333,167840,503520,5493,72,161914,0,0,0,0.0,168,168,0,0,4,164,0,168,23
108,10598,108,pair_012_n5_012_conflict,conflict,1,0,0,12.180000000000001,0.2823383333333333,169568,508704,5528,72,164491,0,0,0,0.0,168,168,0,0,4,164,0,168,23
109,10702,104,pair_013_n5_013_conflict,conflict,1,0,0,12.220000000000002,0.282165,171232,513696,5552,72,166940,0,0,0,0.0,168,168,0,0,4,164,0,168,23
110,10806,104,pair_002_n3_002_control,control,1,0,0,12.220000000000002,0.28199166666666664,172896,518688,5605,72,169345,0,0,0,0.0,168,168,0,0,4,164,0,168,23
111,10916,110,pair_009_n3_009_control,control,1,0,0,12.16,0.2818083333333333,174656,523968,5632,72,171918,0,0,0,0.0,169,169,0,0,4,165,0,169,23
112,11004,88,pair_002_n5_002_conflict,conflict,1,0,0,12.380000000000003,0.28166166666666664,176064,528192,5670,72,174026,0,0,0,0.0,169,169,0,0,4,165,0,169,23
113,11148,144,pair_016_n5_016_control,control,1,0,0,11.82,0.2814216666666667,178368,535104,5742,72,177397,0,0,0,0.0,169,169,0,0,4,165,0,169,23
114,11247,99,pair_011_n5_011_control,control,1,0,0,12.270000000000001,0.28125666666666665,179952,539856,5771,72,179629,0,0,0,0.0,170,170,0,0,4,166,0,170,23
115,11332,85,pair_017_n5_017_control,control,1,0,0,12.410000000000002,0.281115,181312,543936,5818,72,181623,0,0,0,0.0,170,170,0,0,4,166,0,170,23
116,11438,106,pair_017_n3_017_control,control,1,0,0,12.200000000000001,0.28093833333333335,183008,549024,5859,72,184008,0,0,0,0.0,170,170,0,0,4,166,0,170,23
117,11547,109,pair_000_n5_000_control,control,1,0,0,12.170000000000002,0.28075666666666665,184752,554256,5894,72,186424,0,0,0,0.0,170,170,0,0,4,166,0,170,23
118,11629,82,pair_016_n3_016_control,control,1,0,0,12.440000000000001,0.28062,186064,558192,5925,72,188312,0,0,0,0.0,170,170,0,0,4,166,0,170,23
119,11730,101,pair_000_n3_000_control,control,1,0,0,12.250000000000002,0.28045166666666665,187680,563040,5977,72,190576,0,0,0,0.0,170,170,0,0,4,166,0,170,23
120,11822,92,pair_007_n3_007_control,control,1,0,0,12.340000000000002,0.2802983333333333,189152,567456,6013,72,192719,0,0,0,0.0,170,170,0,0,4,166,0,170,23
121,11915,93,pair_009_n5_009_control,control,1,0,0,12.330000000000002,0.2801433333333333,190640,571920,6068,72,194840,0,0,0,0.0,170,170,0,0,4,166,0,170,23
122,12002,87,pair_004_n5_004_control,control,1,0,0,12.39,0.27999833333333335,192032,576096,6094,72,196826,0,0,0,0.0,170,170,0,0,4,166,0,170,23
123,12100,98,pair_004_n5_004_conflict,conflict,1,0,0,12.280000000000001,0.279835,193600,580800,6122,72,199013,0,0,0,0.0,170,170,0,0,4,166,0,170,23
124,12216,116,pair_009_n3_009_conflict,conflict,1,0,0,12.100000000000001,0.2796416666666667,195456,586368,6147,72,201604,0,0,0,0.0,170,170,0,0,4,166,0,170,23
125,12309,93,pair_017_n3_017_conflict,conflict,1,0,0,12.330000000000002,0.27948666666666666,196944,590832,6185,72,203669,0,0,0,0.0,170,170,0,0,4,166,0,170,23
126,12411,102,pair_011_n3_011_conflict,conflict,1,0,0,12.240000000000002,0.27931666666666666,198576,595728,6212,72,205870,0,0,0,0.0,170,170,0,0,4,166,0,170,23
127,12519,108,pair_005_n3_005_control,control,1,0,0,12.180000000000001,0.27913666666666664,200304,600912,6290,73,208206,0,0,0,0.0,174,174,0,0,4,170,0,174,23
128,12619,100,pair_016_n3_016_conflict,conflict,1,0,0,12.260000000000002,0.27897,201904,605712,6330,73,210408,0,0,0,0.0,174,174,0,0,4,170,0,174,23
129,12715,96,pair_013_n3_013_conflict,conflict,1,0,0,12.3,0.27881,203440,610320,6391,73,212495,0,0,0,0.0,175,175,0,0,4,171,0,175,23
130,12803,88,pair_016_n5_016_conflict,conflict,1,0,0,12.380000000000003,0.2786633333333333,204848,614544,6435,73,214384,0,0,0,0.0,175,175,0,0,4,171,0,175,23
131,12880,77,pair_015_n3_015_control,control,1,0,0,12.490000000000002,0.278535,206080,618240,6457,73,216108,0,0,0,0.0,175,175,0,0,4,171,0,175,23
132,12973,93,pair_015_n3_015_conflict,conflict,1,0,0,12.330000000000002,0.27837999999999996,207568,622704,6486,73,218168,0,0,0,0.0,175,175,0,0,4,171,0,175,23
133,13051,78,pair_004_n3_004_conflict,conflict,1,0,0,12.480000000000002,0.27825,208816,626448,6528,73,219842,0,0,0,0.0,176,176,0,0,4,172,0,176,23
134,13142,91,pair_004_n3_004_control,control,1,0,0,12.350000000000001,0.27809833333333334,210272,630816,6568,73,221796,0,0,0,0.0,176,176,0,0,4,172,0,176,23
135,13242,100,pair_002_n3_002_conflict,conflict,1,0,0,12.260000000000002,0.27793166666666663,211872,635616,6595,73,224043,0,0,0,0.0,177,177,0,0,4,173,0,177,23
136,13324,82,pair_005_n5_005_control,control,1,0,0,12.440000000000001,0.277795,213184,639552,6629,73,225882,0,0,0,0.0,178,178,0,0,4,174,0,178,23
137,13403,79,pair_009_n5_009_conflict,conflict,1,0,0,12.470000000000002,0.2776633333333333,214448,643344,6682,73,227603,0,0,0,0.0,180,180,0,0,4,176,0,180,23
138,13512,109,pair_014_n5_014_control,control,1,0,0,12.170000000000002,0.2774816666666666,216192,648576,6764,74,229965,0,0,0,0.0,183,183,0,0,4,179,0,183,23
139,13595,83,pair_007_n5_007_control,control,1,0,0,12.430000000000001,0.27734333333333333,217520,652560,6838,74,231865,0,0,0,0.0,183,183,0,0,4,179,0,183,23
140,13701,106,pair_010_n3_010_control,control,1,0,0,12.200000000000001,0.2771666666666667,219216,657648,6903,75,234240,0,0,0,0.0,188,188,0,0,4,184,0,188,23
141,13797,96,pair_005_n3_005_conflict,conflict,1,0,0,12.3,0.2770066666666667,220752,662256,6955,77,236405,0,0,0,0.0,190,190,0,0,4,186,0,190,23
142,13888,91,pair_012_n5_012_control,control,1,0,0,12.350000000000001,0.27685499999999996,222208,666624,7020,78,238500,0,0,0,0.0,193,193,0,0,4,189,0,193,23
143,13991,103,pair_006_n3_006_control,control,1,0,0,12.23,0.27668333333333334,223856,671568,7095,78,240896,0,0,0,0.0,196,196,0,0,5,191,0,196,23
144,14073,82,pair_015_n3_015_conflict,conflict,1,0,0,12.440000000000001,0.27654666666666666,225168,675504,7151,78,242745,0,0,0,0.0,196,196,0,0,5,191,0,196,23
145,14175,102,pair_001_n3_001_conflict,conflict,1,0,0,12.240000000000002,0.27637666666666666,226800,680400,7213,80,245059,0,0,0,0.0,199,199,0,0,5,194,0,199,24
146,14265,90,pair_017_n5_017_conflict,conflict,1,0,0,12.360000000000001,0.2762266666666667,228240,684720,7287,83,247141,0,0,0,0.0,203,203,0,0,6,197,0,203,24
147,14344,79,pair_010_n3_010_control,control,1,0,0,12.470000000000002,0.276095,229504,688512,7335,83,248983,0,0,0,0.0,203,203,0,0,6,197,0,203,24
148,14440,96,pair_011_n5_011_conflict,conflict,1,0,0,12.3,0.275935,231040,693120,7416,83,251242,0,0,0,0.0,208,208,0,0,8,200,0,208,24
149,14535,95,pair_017_n3_017_control,control,1,0,0,12.310000000000002,0.27577666666666667,232560,697680,7487,84,253519,0,0,0,0.0,209,209,0,0,8,201,0,209,24
150,14621,86,pair_000_n3_000_conflict,conflict,1,0,0,12.400000000000002,0.27563333333333334,233936,701808,7541,84,255528,0,0,0,0.0,210,210,0,0,8,202,0,210,24
151,14703,82,pair_012_n5_012_control,control,1,0,0,12.440000000000001,0.27549666666666667,235248,705744,7601,85,257459,0,0,0,0.0,214,214,0,0,9,205,0,214,24
152,14786,83,pair_006_n5_006_control,control,1,0,0,12.430000000000001,0.2753583333333333,236576,709728,7680,86,259411,0,0,0,0.0,216,216,0,0,9,207,0,216,24
153,14901,115,pair_016_n3_016_conflict,conflict,1,0,0,12.110000000000001,0.27516666666666667,238416,715248,7748,86,262152,0,0,0,0.0,216,216,0,0,9,207,0,216,24
154,15003,102,pair_016_n5_016_conflict,conflict,1,0,0,12.240000000000002,0.27499666666666667,240048,720144,7826,89,264590,0,0,0,0.0,224,224,0,0,9,215,0,224,24
155,15092,89,pair_010_n5_010_control,control,1,0,0,12.370000000000001,0.2748483333333333,241472,724416,7890,89,266700,0,0,0,0.0,224,224,0,0,9,215,0,224,24
156,15183,91,pair_011_n3_011_control,control,1,0,0,12.350000000000001,0.27469666666666664,242928,728784,7941,89,268903,0,0,0,0.0,225,225,0,0,9,216,0,225,24
157,15261,78,pair_004_n5_004_control,control,1,0,0,12.48,0.2745666666666667,244176,732528,7992,90,270842,0,0,0,0.0,227,227,0,0,9,218,0,227,24
158,15355,94,pair_004_n3_004_conflict,conflict,1,0,0,12.32,0.27441,245680,737040,8036,91,273117,0,0,0,0.0,230,230,0,0,9,221,0,230,24
159,15441,86,pair_007_n5_007_conflict,conflict,1,0,0,12.400000000000002,0.27426666666666666,247056,741168,8105,92,275219,0,0,0,0.0,234,234,0,0,10,224,0,234,25
160,15533,92,pair_013_n5_013_conflict,conflict,1,0,0,12.340000000000002,0.2741133333333333,248528,745584,8181,95,277465,0,0,0,0.0,238,238,0,0,11,227,0,238,26
161,15620,87,pair_010_n5_010_conflict,conflict,1,0,0,12.39,0.2739683333333333,249920,749760,8244,96,279618,0,0,0,0.0,240,240,0,0,11,229,0,240,26
162,15710,90,pair_012_n3_012_control,control,1,0,0,12.360000000000001,0.27381833333333333,251360,754080,8301,97,281888,0,0,0,0.0,242,242,0,0,11,231,0,242,26
163,15809,99,pair_017_n5_017_control,control,1,0,0,12.270000000000001,0.2736533333333333,252944,758832,8375,97,284448,0,0,0,0.0,244,244,0,0,11,233,0,244,26
164,15903,94,pair_000_n5_000_control,control,1,0,0,12.32,0.27349666666666667,254448,763344,8449,99,286796,0,0,0,0.0,247,247,0,0,11,236,0,247,26
165,15989,86,pair_014_n3_014_control,control,1,0,0,12.400000000000002,0.27335333333333334,255824,767472,8510,99,288933,0,0,0,0.0,249,249,0,0,11,238,0,249,26
166,16079,90,pair_010_n3_010_conflict,conflict,1,0,0,12.360000000000001,0.2732033333333333,257264,771792,8565,99,291257,0,0,0,0.0,249,249,0,0,11,238,0,249,26
167,16174,95,pair_017_n3_017_conflict,conflict,1,0,0,12.310000000000002,0.273045,258784,776352,8636,99,293733,0,0,0,0.0,251,251,0,0,12,239,0,251,26
168,16297,123,pair_016_n3_016_control,control,1,0,0,12.030000000000001,0.27283999999999997,260752,782256,8714,99,296885,0,0,0,0.0,252,252,0,0,12,240,0,252,26
169,16396,99,pair_006_n5_006_conflict,conflict,1,0,0,12.270000000000001,0.272675,262336,787008,8803,104,299426,0,0,0,0.0,260,260,0,0,13,247,0,260,26
170,16505,109,pair_013_n5_013_control,control,1,0,0,12.170000000000002,0.2724933333333333,264080,792240,8902,108,302244,0,0,0,0.0,270,270,0,0,13,257,0,270,26
171,16609,104,pair_009_n3_009_conflict,conflict,1,0,0,12.22,0.27232,265744,797232,8985,109,304995,0,0,0,0.0,274,274,0,0,13,261,0,274,26
172,16713,104,pair_015_n5_015_conflict,conflict,1,0,0,12.22,0.27214666666666665,267408,802224,9072,110,307788,0,0,0,0.0,277,277,0,0,13,264,0,277,26
173,16800,87,pair_015_n3_015_control,control,1,0,0,12.390000000000002,0.27200166666666664,268800,806400,9130,111,310119,0,0,0,0.0,279,279,0,0,13,266,0,279,26
174,16894,94,pair_012_n3_012_conflict,conflict,1,0,0,12.32,0.271845,270304,810912,9184,111,312606,0,0,0,0.0,282,282,0,0,14,268,0,282,26
175,16977,83,pair_008_n5_008_control,control,1,0,0,12.430000000000001,0.27170666666666665,271632,814896,9251,113,314800,0,0,0,0.0,284,284,0,0,15,269,0,284,26
176,17067,90,pair_000_n5_000_conflict,conflict,1,0,0,12.360000000000003,0.27155666666666667,273072,819216,9310,113,317135,0,0,0,0.0,284,284,0,0,15,269,0,284,26
177,17164,97,pair_012_n5_012_conflict,conflict,1,0,0,12.290000000000001,0.271395,274624,823872,9376,119,319695,0,0,0,0.0,289,289,0,0,15,274,0,289,26
178,17245,81,pair_003_n3_003_control,control,1,0,0,12.450000000000001,0.27126,275920,827760,9427,119,321860,0,0,0,0.0,291,291,0,0,15,276,0,291,26
179,17336,91,pair_013_n3_013_conflict,conflict,1,0,0,12.350000000000001,0.27110833333333334,277376,832128,9468,121,324349,0,0,0,0.0,292,292,0,0,15,277,0,292,26
180,17442,106,pair_001_n5_001_conflict,conflict,1,0,0,12.200000000000001,0.2709316666666667,279072,837216,9519,121,327255,0,0,0,0.0,292,292,0,0,15,277,0,292,26
181,17540,98,pair_016_n5_016_control,control,1,0,0,12.280000000000001,0.27076833333333333,280640,841920,9583,121,329950,0,0,0,0.0,292,292,0,0,15,277,0,292,26
182,17636,96,pair_007_n3_007_conflict,conflict,1,0,0,12.3,0.27060833333333334,282176,846528,9664,123,332583,0,0,0,0.0,295,295,0,0,15,280,0,295,26
183,17732,96,pair_002_n3_002_control,control,1,0,0,12.3,0.27044833333333335,283712,851136,9712,125,335226,0,0,0,0.0,301,301,0,0,15,286,0,301,26
184,17833,101,pair_005_n3_005_conflict,conflict,1,0,0,12.250000000000002,0.27027999999999996,285328,855984,9767,126,337922,0,0,0,0.0,304,304,0,0,15,289,0,304,26
185,17934,101,pair_001_n5_001_control,control,1,0,0,12.250000000000002,0.27011166666666664,286944,860832,9835,127,340630,0,0,0,0.0,307,307,0,0,15,292,0,307,26
186,18028,94,pair_003_n5_003_conflict,conflict,1,0,0,12.32,0.269955,288448,865344,9894,127,343225,0,0,0,0.0,309,309,0,0,15,294,0,309,26
187,18140,112,pair_002_n3_002_conflict,conflict,1,0,0,12.14,0.26976833333333333,290240,870720,9947,129,346342,0,0,0,0.0,311,311,0,0,15,296,0,311,26
188,18230,90,pair_001_n3_001_control,control,1,0,0,12.360000000000001,0.2696183333333333,291680,875040,10003,129,348769,0,0,0,0.0,311,311,0,0,15,296,0,311,26
189,18321,91,pair_004_n5_004_conflict,conflict,1,0,0,12.350000000000001,0.26946666666666663,293136,879408,10056,131,351241,0,0,0,0.0,318,318,0,0,15,303,0,318,27
190,18414,93,pair_006_n3_006_conflict,conflict,1,0,0,12.330000000000002,0.26931166666666667,294624,883872,10119,131,353816,0,0,0,0.0,319,319,0,0,15,304,0,319,27
191,18510,96,pair_014_n3_014_conflict,conflict,1,0,0,12.300000000000002,0.2691516666666667,296160,888480,10168,131,356420,0,0,0,0.0,319,319,0,0,15,304,0,319,27
192,18622,112,pair_003_n3_003_conflict,conflict,1,0,0,12.140000000000002,0.268965,297952,893856,10217,132,359452,0,0,0,0.0,322,322,0,0,16,306,0,322,27
193,18703,81,pair_007_n3_007_control,control,1,0,0,12.450000000000001,0.26883,299248,897744,10281,132,361660,0,0,0,0.0,322,322,0,0,16,306,0,322,27
194,18794,91,pair_008_n3_008_conflict,conflict,1,0,0,12.350000000000001,0.26867833333333335,300704,902112,10332,132,364123,0,0,0,0.0,322,322,0,0,16,306,0,322,27
195,18886,92,pair_011_n3_011_conflict,conflict,1,0,0,12.340000000000002,0.268525,302176,906528,10376,134,366652,0,0,0,0.0,324,324,0,0,16,308,0,324,27
196,18988,102,pair_002_n5_002_conflict,conflict,1,0,0,12.240000000000002,0.268355,303808,911424,10411,134,369462,0,0,0,0.0,325,325,0,0,16,309,0,325,27
197,19095,107,pair_005_n5_005_conflict,conflict,1,0,0,12.190000000000001,0.2681766666666667,305520,916560,10479,138,372402,0,0,0,0.0,327,327,0,0,16,311,0,327,27
198,19187,92,pair_011_n5_011_control,control,1,0,0,12.340000000000002,0.26802333333333334,306992,920976,10552,138,374893,0,0,0,0.0,327,327,0,0,16,311,0,327,27
199,19276,89,pair_013_n3_013_control,control,1,0,0,12.370000000000001,0.267875,308416,925248,10587,139,377362,0,0,0,0.0,328,328,0,0,16,312,0,328,27
200,19372,96,pair_004_n3_004_control,control,1,0,0,12.3,0.267715,309952,929856,10628,139,379990,0,0,0,0.0,328,328,0,0,16,312,0,328,27
201,19464,92,pair_014_n5_014_conflict,conflict,1,0,0,12.340000000000002,0.26756166666666664,311424,934272,10683,140,382598,0,0,0,0.0,332,332,0,0,16,316,0,332,27
202,19574,110,pair_009_n5_009_control,control,1,0,0,12.160000000000002,0.26737833333333333,313184,939552,10775,140,385669,0,0,0,0.0,334,334,0,0,16,318,0,334,27
203,19677,103,pair_008_n3_008_control,control,1,0,0,12.230000000000002,0.26720666666666665,314832,944496,10833,140,388554,0,0,0,0.0,334,334,0,0,16,318,0,334,27
204,19764,87,pair_006_n3_006_control,control,1,0,0,12.39,0.26706166666666664,316224,948672,10889,140,391027,0,0,0,0.0,334,334,0,0,16,318,0,334,27
205,19858,94,pair_000_n3_000_control,control,1,0,0,12.320000000000002,0.266905,317728,953184,10933,140,393752,0,0,0,0.0,334,334,0,0,16,318,0,334,27
206,19945,87,pair_014_n5_014_control,control,1,0,0,12.39,0.26676,319120,957360,10981,140,396234,0,0,0,0.0,336,336,0,0,16,320,0,336,27
207,20051,106,pair_009_n3_009_control,control,1,0,0,12.200000000000001,0.26658333333333334,320816,962448,11076,141,399168,0,0,0,0.0,340,340,0,0,16,324,0,340,27
208,20142,91,pair_009_n5_009_conflict,conflict,1,0,0,12.350000000000001,0.2664316666666667,322272,966816,11161,143,401775,0,0,0,0.0,340,340,0,0,16,324,0,340,27
209,20235,93,pair_015_n5_015_control,control,1,0,0,12.330000000000002,0.26627666666666666,323760,971280,11236,143,404451,0,0,0,0.0,341,341,0,0,16,325,0,341,27
210,20327,92,pair_005_n3_005_control,control,1,0,0,12.340000000000002,0.2661233333333333,325232,975696,11290,143,407147,0,0,0,0.0,343,343,0,0,16,327,0,343,27
211,20411,84,pair_005_n5_005_control,control,1,0,0,12.420000000000002,0.26598333333333335,326576,979728,11339,144,409682,0,0,0,0.0,343,343,0,0,16,327,0,343,27
212,20487,76,pair_002_n5_002_control,control,1,0,0,12.500000000000002,0.26585666666666663,327792,983376,11369,144,411918,0,0,0,0.0,343,343,0,0,16,327,0,343,27
213,20584,97,pair_007_n5_007_control,control,1,0,0,12.290000000000001,0.265695,329344,988032,11439,147,414780,0,0,0,0.0,344,344,0,0,16,328,0,344,27
214,20674,90,pair_003_n5_003_control,control,1,0,0,12.360000000000001,0.265545,330784,992352,11493,148,417453,0,0,0,0.0,345,345,0,0,16,329,0,345,27
215,20778,104,pair_008_n5_008_conflict,conflict,1,0,0,12.22,0.2653716666666667,332448,997344,11575,151,420620,0,0,0,0.0,350,350,0,0,16,334,0,350,27
216,20875,97,pair_002_n3_002_control,control,1,0,0,12.290000000000001,0.26521,334000,1002000,11613,152,423524,0,0,0,0.0,351,351,0,0,16,335,0,351,27
217,20960,85,pair_000_n5_000_control,control,1,0,0,12.41,0.26506833333333335,335360,1006080,11658,152,426079,0,0,0,0.0,351,351,0,0,16,335,0,351,27
218,21050,90,pair_005_n5_005_conflict,conflict,1,0,0,12.360000000000001,0.2649183333333333,336800,1010400,11712,154,428842,0,0,0,0.0,354,354,0,0,17,337,0,354,27
219,21140,90,pair_001_n5_001_conflict,conflict,1,0,0,12.360000000000001,0.26476833333333333,338240,1014720,11749,154,431608,0,0,0,0.0,354,354,0,0,17,337,0,354,27
220,21230,90,pair_000_n5_000_conflict,conflict,1,0,0,12.360000000000001,0.26461833333333334,339680,1019040,11791,154,434329,0,0,0,0.0,354,354,0,0,17,337,0,354,27
221,21331,101,pair_017_n3_017_conflict,conflict,1,0,0,12.250000000000002,0.26444999999999996,341296,1023888,11840,154,437354,0,0,0,0.0,354,354,0,0,17,337,0,354,27
222,21429,98,pair_013_n3_013_conflict,conflict,1,0,0,12.280000000000001,0.26428666666666667,342864,1028592,11885,154,440355,0,0,0,0.0,354,354,0,0,17,337,0,354,27
223,21512,83,pair_009_n3_009_control,control,1,0,0,12.430000000000001,0.2641483333333333,344192,1032576,11939,154,442861,0,0,0,0.0,355,355,0,0,17,338,0,355,27
224,21599,87,pair_006_n5_006_conflict,conflict,1,0,0,12.39,0.2640033333333333,345584,1036752,11988,156,445505,0,0,0,0.0,358,358,0,0,17,341,0,358,27
225,21705,106,pair_008_n5_008_control,control,1,0,0,12.200000000000001,0.26382666666666665,347280,1041840,12065,157,448763,0,0,0,0.0,359,359,0,0,17,342,0,359,27
226,21818,113,pair_004_n3_004_conflict,conflict,1,0,0,12.13,0.2636383333333333,349088,1047264,12109,157,452174,0,0,0,0.0,360,360,0,0,17,343,0,360,27
227,21905,87,pair_016_n3_016_conflict,conflict,1,0,0,12.39,0.2634933333333333,350480,1051440,12154,157,454892,0,0,0,0.0,362,362,0,0,17,345,0,362,27
228,22001,96,pair_003_n5_003_control,control,1,0,0,12.3,0.2633333333333333,352016,1056048,12201,157,457796,0,0,0,0.0,362,362,0,0,17,345,0,362,27
229,22087,86,pair_015_n5_015_conflict,conflict,1,0,0,12.400000000000002,0.26319,353392,1060176,12239,159,460433,0,0,0,0.0,365,365,0,0,19,346,0,365,27
230,22170,83,pair_017_n3_017_control,control,1,0,0,12.430000000000001,0.2630516666666667,354720,1064160,12285,159,463007,0,0,0,0.0,366,366,0,0,19,347,0,366,27
231,22260,90,pair_013_n5_013_control,control,1,0,0,12.360000000000001,0.26290166666666664,356160,1068480,12362,162,465788,0,0,0,0.0,371,371,0,0,20,351,0,371,27
232,22355,95,pair_001_n5_001_control,control,1,0,0,12.310000000000002,0.26274333333333333,357680,1073040,12405,162,468701,0,0,0,0.0,371,371,0,0,20,351,0,371,27
233,22438,83,pair_003_n3_003_control,control,1,0,0,12.430000000000001,0.262605,359008,1077024,12439,162,471181,0,0,0,0.0,373,373,0,0,20,353,0,373,27
234,22542,104,pair_009_n5_009_conflict,conflict,1,0,0,12.22,0.2624316666666667,360672,1082016,12523,162,474318,0,0,0,0.0,374,374,0,0,20,354,0,374,27
235,22634,92,pair_007_n5_007_conflict,conflict,1,0,0,12.340000000000002,0.26227833333333334,362144,1086432,12574,162,477098,0,0,0,0.0,375,375,0,0,20,355,0,375,27
236,22732,98,pair_017_n5_017_control,control,1,0,0,12.280000000000001,0.262115,363712,1091136,12613,162,480052,0,0,0,0.0,375,375,0,0,20,355,0,375,27
237,22824,92,pair_016_n5_016_control,control,1,0,0,12.340000000000002,0.26196166666666665,365184,1095552,12665,163,482834,0,0,0,0.0,376,376,0,0,21,355,0,376,27
238,22930,106,pair_012_n5_012_conflict,conflict,1,0,0,12.200000000000001,0.261785,366880,1100640,12729,164,486060,0,0,0,0.0,380,380,0,0,21,359,0,380,27
239,23042,112,pair_000_n3_000_conflict,conflict,1,0,0,12.14,0.2615983333333333,368672,1106016,12766,164,489395,0,0,0,0.0,380,380,0,0,21,359,0,380,27
240,23151,109,pair_006_n5_006_control,control,1,0,0,12.170000000000002,0.26141666666666663,370416,1111248,12818,164,492643,0,0,0,0.0,380,380,0,0,21,359,0,380,27
241,23231,80,pair_005_n3_005_control,control,1,0,0,12.460000000000003,0.2612833333333333,371696,1115088,12860,164,495048,0,0,0,0.0,380,380,0,0,21,359,0,380,27
242,23337,106,pair_000_n3_000_control,control,1,0,0,12.200000000000003,0.26110666666666665,373392,1120176,12915,164,498166,0,0,0,0.0,380,380,0,0,21,359,0,380,27
243,23421,84,pair_008_n5_008_conflict,conflict,1,0,0,12.420000000000002,0.2609666666666667,374736,1124208,12964,164,500571,0,0,0,0.0,382,382,0,0,21,361,0,382,27
244,23545,124,pair_015_n5_015_control,control,1,0,0,12.020000000000001,0.26076,376720,1130160,12991,164,504149,0,0,0,0.0,382,382,0,0,21,361,0,382,27
245,23657,112,pair_011_n3_011_conflict,conflict,1,0,0,12.14,0.2605733333333333,378512,1135536,13009,164,507343,0,0,0,0.0,382,382,0,0,21,361,0,382,27
246,23736,79,pair_015_n3_015_conflict,conflict,1,0,0,12.470000000000002,0.2604416666666667,379776,1139328,13029,164,509635,0,0,0,0.0,382,382,0,0,21,361,0,382,27
247,23841,105,pair_016_n5_016_conflict,conflict,1,0,0,12.21,0.26026666666666665,381456,1144368,13065,164,512612,0,0,0,0.0,382,382,0,0,21,361,0,382,27
248,23929,88,pair_010_n5_010_control,control,1,0,0,12.380000000000003,0.26012,382864,1148592,13098,164,515134,0,0,0,0.0,382,382,0,0,21,361,0,382,27
249,24030,101,pair_003_n3_003_conflict,conflict,1,0,0,12.250000000000002,0.25995166666666664,384480,1153440,13113,164,518004,0,0,0,0.0,382,382,0,0,21,361,0,382,27
250,24124,94,pair_009_n3_009_conflict,conflict,1,0,0,12.320000000000002,0.259795,385984,1157952,13141,164,520636,0,0,0,0.0,382,382,0,0,21,361,0,382,27
251,24220,96,pair_012_n3_012_conflict,conflict,1,0,0,12.3,0.259635,387520,1162560,13183,164,523331,0,0,0,0.0,383,383,0,0,21,362,0,383,27
252,24320,100,pair_012_n3_012_control,control,1,0,0,12.260000000000002,0.2594683333333333,389120,1167360,13217,164,526056,0,0,0,0.0,383,383,0,0,21,362,0,383,27
253,24406,86,pair_014_n5_014_control,control,1,0,0,12.400000000000002,0.25932499999999997,390496,1171488,13273,168,528457,0,0,0,0.0,388,388,0,0,21,367,0,388,27
254,24510,104,pair_004_n5_004_control,control,1,0,0,12.22,0.25915166666666667,392160,1176480,13306,168,531283,0,0,0,0.0,388,388,0,0,21,367,0,388,27
255,24623,113,pair_011_n5_011_conflict,conflict,1,0,0,12.13,0.2589633333333333,393968,1181904,13370,169,534381,0,0,0,0.0,388,388,0,0,21,367,0,388,27
256,24715,92,pair_005_n3_005_conflict,conflict,1,0,0,12.340000000000002,0.25881,395440,1186320,13418,169,536903,0,0,0,0.0,391,391,0,0,22,369,0,391,27
257,24813,98,pair_014_n3_014_control,control,1,0,0,12.280000000000001,0.25864666666666664,397008,1191024,13465,170,539568,0,0,0,0.0,393,393,0,0,22,371,0,393,27
258,24889,76,pair_001_n3_001_control,control,1,0,0,12.500000000000002,0.25851999999999997,398224,1194672,13500,170,541653,0,0,0,0.0,393,393,0,0,22,371,0,393,27
259,24979,90,pair_016_n3_016_control,control,1,0,0,12.360000000000001,0.25837,399664,1198992,13547,172,544050,0,0,0,0.0,395,395,0,0,23,372,0,395,27
260,25062,83,pair_008_n3_008_conflict,conflict,1,0,0,12.430000000000001,0.25823166666666664,400992,1202976,13588,172,546262,0,0,0,0.0,395,395,0,0,23,372,0,395,27
261,25160,98,pair_006_n3_006_conflict,conflict,1,0,0,12.280000000000001,0.25806833333333334,402560,1207680,13638,172,548848,0,0,0,0.0,397,397,0,0,23,374,0,397,27
262,25250,90,pair_002_n5_002_control,control,1,0,0,12.360000000000001,0.2579183333333333,404000,1212000,13672,172,551233,0,0,0,0.0,397,397,0,0,23,374,0,397,27
263,25359,109,pair_011_n5_011_control,control,1,0,0,12.170000000000002,0.25773666666666667,405744,1217232,13733,172,554113,0,0,0,0.0,397,397,0,0,23,374,0,397,27
264,25445,86,pair_001_n3_001_conflict,conflict,1,0,0,12.400000000000002,0.25759333333333334,407120,1221360,13778,172,556271,0,0,0,0.0,397,397,0,0,23,374,0,397,27
265,25536,91,pair_012_n5_012_control,control,1,0,0,12.350000000000001,0.2574416666666667,408576,1225728,13825,173,558655,0,0,0,0.0,400,400,0,0,23,377,0,400,27
266,25627,91,pair_009_n5_009_control,control,1,0,0,12.350000000000001,0.25729,410032,1230096,13888,174,560927,0,0,0,0.0,401,401,0,0,23,378,0,401,27
267,25716,89,pair_014_n3_014_conflict,conflict,1,0,0,12.370000000000001,0.25714166666666666,411456,1234368,13936,174,563163,0,0,0,0.0,401,401,0,0,23,378,0,401,27
268,25811,95,pair_008_n3_008_control,control,1,0,0,12.310000000000002,0.25698333333333334,412976,1238928,14003,175,565524,0,0,0,0.0,402,402,0,0,23,379,0,402,27
269,25911,100,pair_017_n5_017_conflict,conflict,1,0,0,12.260000000000002,0.25681666666666664,414576,1243728,14068,177,568088,0,0,0,0.0,406,406,0,0,25,381,0,406,27
270,25994,83,pair_010_n3_010_conflict,conflict,1,0,0,12.430000000000001,0.25667833333333334,415904,1247712,14103,177,570221,0,0,0,0.0,406,406,0,0,25,381,0,406,27
271,26098,104,pair_011_n3_011_control,control,1,0,0,12.22,0.256505,417568,1252704,14163,179,572874,0,0,0,0.0,412,412,0,0,25,387,0,412,27
272,26191,93,pair_010_n3_010_control,control,1,0,0,12.330000000000002,0.25634999999999997,419056,1257168,14203,179,575286,0,0,0,0.0,413,413,0,0,25,388,0,413,27
273,26278,87,pair_002_n3_002_conflict,conflict,1,0,0,12.39,0.256205,420448,1261344,14238,179,577512,0,0,0,0.0,414,414,0,0,25,389,0,414,27
274,26380,102,pair_007_n3_007_conflict,conflict,1,0,0,12.240000000000002,0.256035,422080,1266240,14317,184,580072,0,0,0,0.0,419,419,0,0,26,393,0,419,27
275,26454,74,pair_006_n3_006_control,control,1,0,0,12.520000000000001,0.25591166666666665,423264,1269792,14360,184,581980,0,0,0,0.0,420,420,0,0,27,393,0,420,27
276,26548,94,pair_015_n3_015_control,control,1,0,0,12.320000000000002,0.255755,424768,1274304,14417,184,584397,0,0,0,0.0,421,421,0,0,28,393,0,421,27
277,26635,87,pair_004_n5_004_conflict,conflict,1,0,0,12.39,0.25561,426160,1278480,14468,187,586575,0,0,0,0.0,424,424,0,0,28,396,0,424,27
278,26725,90,pair_007_n3_007_control,control,1,0,0,12.360000000000001,0.25545999999999996,427600,1282800,14531,187,588889,0,0,0,0.0,425,425,0,0,28,397,0,425,27
279,26824,99,pair_014_n5_014_conflict,conflict,1,0,0,12.270000000000001,0.255295,429184,1287552,14597,192,591448,0,0,0,0.0,430,430,0,0,30,400,0,430,27
280,26913,89,pair_007_n5_007_control,control,1,0,0,12.370000000000001,0.25514666666666663,430608,1291824,14639,193,593742,0,0,0,0.0,432,432,0,0,30,402,0,432,27
281,26995,82,pair_004_n3_004_control,control,1,0,0,12.440000000000001,0.25500999999999996,431920,1295760,14672,193,595864,0,0,0,0.0,433,433,0,0,30,403,0,433,27
282,27087,92,pair_010_n5_010_conflict,conflict,1,0,0,12.340000000000002,0.2548566666666667,433392,1300176,14739,193,598209,0,0,0,0.0,435,435,0,0,30,405,0,435,27
283,27187,100,pair_013_n5_013_conflict,conflict,1,0,0,12.260000000000002,0.25468999999999997,434992,1304976,14780,194,600805,0,0,0,0.0,437,437,0,0,32,405,0,437,27
284,27287,100,pair_003_n5_003_conflict,conflict,1,0,0,12.260000000000002,0.2545233333333333,436592,1309776,14831,194,603404,0,0,0,0.0,438,438,0,0,32,406,0,438,27
285,27374,87,pair_002_n5_002_conflict,conflict,1,0,0,12.39,0.2543783333333333,437984,1313952,14873,194,605583,0,0,0,0.0,439,439,0,0,32,407,0,439,27
286,27458,84,pair_005_n5_005_control,control,1,0,0,12.420000000000002,0.25423833333333334,439328,1317984,14920,194,607673,0,0,0,0.0,439,439,0,0,32,407,0,439,27
287,27538,80,pair_013_n3_013_control,control,1,0,0,12.46,0.25410499999999997,440608,1321824,14955,194,609677,0,0,0,0.0,439,439,0,0,32,407,0,439,27
288,27631,93,pair_015_n3_015_control,control,1,0,0,12.330000000000002,0.25395,442096,1326288,14987,194,612063,0,0,0,0.0,439,439,0,0,32,407,0,439,27
289,27720,89,pair_016_n3_016_conflict,conflict,1,0,0,12.370000000000001,0.25380166666666665,443520,1330560,15035,196,614309,0,0,0,0.0,441,441,0,0,32,409,0,441,27
290,27807,87,pair_016_n5_016_conflict,conflict,1,0,0,12.390000000000002,0.25365666666666664,444912,1334736,15091,197,616487,0,0,0,0.0,443,443,0,0,32,411,0,443,27
291,27906,99,pair_012_n5_012_conflict,conflict,1,0,0,12.270000000000001,0.25349166666666667,446496,1339488,15153,199,619018,0,0,0,0.0,448,448,0,0,34,414,0,448,27
292,27996,90,pair_005_n5_005_conflict,conflict,1,0,0,12.360000000000001,0.25334166666666663,447936,1343808,15204,200,621301,0,0,0,0.0,451,451,0,0,34,417,0,451,27
293,28086,90,pair_014_n3_014_conflict,conflict,1,0,0,12.360000000000001,0.25319166666666665,449376,1348128,15247,200,623568,0,0,0,0.0,451,451,0,0,34,417,0,451,27
294,28169,83,pair_008_n3_008_control,control,1,0,0,12.430000000000001,0.25305333333333335,450704,1352112,15286,200,625652,0,0,0,0.0,451,451,0,0,34,417,0,451,27
295,28271,102,pair_001_n3_001_control,control,1,0,0,12.240000000000002,0.25288333333333335,452336,1357008,15323,200,628197,0,0,0,0.0,451,451,0,0,34,417,0,451,27
296,28355,84,pair_006_n3_006_control,control,1,0,0,12.420000000000002,0.2527433333333333,453680,1361040,15368,201,630350,0,0,0,0.0,455,455,0,0,34,421,0,455,27
297,28453,98,pair_011_n5_011_control,control,1,0,0,12.280000000000001,0.25257999999999997,455248,1365744,15445,203,632772,0,0,0,0.0,459,459,0,0,34,425,0,459,27
298,28549,96,pair_014_n5_014_conflict,conflict,1,0,0,12.3,0.25242,456784,1370352,15513,206,635182,0,0,0,0.0,461,461,0,0,34,427,0,461,27
299,28650,101,pair_004_n3_004_control,control,1,0,0,12.250000000000002,0.25225166666666665,458400,1375200,15549,206,637723,0,0,0,0.0,462,462,0,0,34,428,0,462,27
300,28724,74,pair_000_n3_000_control,control,1,0,0,12.520000000000001,0.25212833333333334,459584,1378752,15583,206,639564,0,0,0,0.0,463,463,0,0,34,429,0,463,27
301,28812,88,pair_015_n5_015_control,control,1,0,0,12.38,0.25198166666666666,460992,1382976,15634,207,641766,0,0,0,0.0,464,464,0,0,34,430,0,464,27
302,28891,79,pair_017_n3_017_conflict,conflict,1,0,0,12.470000000000002,0.25185,462256,1386768,15687,207,643682,0,0,0,0.0,466,466,0,0,34,432,0,466,27
303,28985,94,pair_012_n3_012_conflict,conflict,1,0,0,12.32,0.2516933333333333,463760,1391280,15728,208,646049,0,0,0,0.0,469,469,0,0,35,434,0,469,27
304,29065,80,pair_006_n3_006_conflict,conflict,1,0,0,12.46,0.25156,465040,1395120,15760,208,647965,0,0,0,0.0,471,471,0,0,35,436,0,471,28
305,29159,94,pair_008_n5_008_conflict,conflict,1,0,0,12.32,0.2514033333333333,466544,1399632,15823,208,650264,0,0,0,0.0,471,471,0,0,35,436,0,471,28
306,29255,96,pair_002_n3_002_conflict,conflict,1,0,0,12.3,0.2512433333333333,468080,1404240,15867,208,652630,0,0,0,0.0,472,472,0,0,36,436,0,472,28
307,29345,90,pair_017_n3_017_control,control,1,0,0,12.360000000000001,0.25109333333333334,469520,1408560,15911,208,654837,0,0,0,0.0,473,473,0,0,36,437,0,473,28
308,29442,97,pair_005_n3_005_conflict,conflict,1,0,0,12.290000000000001,0.25093166666666666,471072,1413216,15952,208,657198,0,0,0,0.0,473,473,0,0,36,437,0,473,28
309,29529,87,pair_001_n3_001_conflict,conflict,1,0,0,12.39,0.25078666666666666,472464,1417392,15991,208,659275,0,0,0,0.0,474,474,0,0,36,438,0,474,28
310,29623,94,pair_001_n5_001_conflict,conflict,1,0,0,12.32,0.25063,473968,1421904,16038,208,661552,0,0,0,0.0,474,474,0,0,36,438,0,474,28
311,29730,107,pair_015_n5_015_conflict,conflict,1,0,0,12.190000000000001,0.25045166666666663,475680,1427040,16079,208,664152,0,0,0,0.0,477,477,0,0,37,440,0,477,28
312,29815,85,pair_010_n5_010_control,control,1,0,0,12.410000000000002,0.25031,477040,1431120,16115,208,666267,0,0,0,0.0,478,478,0,0,37,441,0,478,28
313,29905,90,pair_000_n3_000_conflict,conflict,1,0,0,12.360000000000001,0.25016,478480,1435440,16167,208,668466,0,0,0,0.0,479,479,0,0,37,442,0,479,28
314,29997,92,pair_004_n5_004_control,control,1,0,0,12.340000000000002,0.25000666666666665,479952,1439856,16210,208,670649,0,0,0,0.0,479,479,0,0,37,442,0,479,28
315,30080,83,pair_016_n5_016_control,control,1,0,0,12.430000000000001,0.24986833333333333,481280,1443840,16251,208,672731,0,0,0,0.0,482,482,0,0,37,445,0,482,28
316,30158,78,pair_003_n5_003_control,control,1,0,0,12.48,0.2497383333333333,482528,1447584,16290,208,674598,0,0,0,0.0,482,482,0,0,37,445,0,482,28
317,30255,97,pair_016_n3_016_control,control,1,0,0,12.290000000000001,0.24957666666666667,484080,1452240,16339,208,676936,0,0,0,0.0,483,483,0,0,37,446,0,483,28
318,30342,87,pair_009_n3_009_conflict,conflict,1,0,0,12.39,0.24943166666666666,485472,1456416,16384,208,678945,0,0,0,0.0,483,483,0,0,37,446,0,483,28
319,30445,103,pair_012_n3_012_control,control,1,0,0,12.23,0.24925999999999998,487120,1461360,16424,208,681416,0,0,0,0.0,486,486,0,0,37,449,0,486,28
320,30542,97,pair_010_n3_010_control,control,1,0,0,12.290000000000001,0.2490983333333333,488672,1466016,16481,208,683768,0,0,0,0.0,489,489,0,0,37,452,0,489,28
321,30640,98,pair_007_n3_007_control,control,1,0,0,12.280000000000001,0.248935,490240,1470720,16547,208,686089,0,0,0,0.0,490,490,0,0,37,453,0,490,28
322,30720,80,pair_002_n5_002_control,control,1,0,0,12.46,0.24880166666666664,491520,1474560,16597,208,688014,0,0,0,0.0,490,490,0,0,37,453,0,490,28
323,30808,88,pair_001_n5_001_control,control,1,0,0,12.38,0.248655,492928,1478784,16639,208,690121,0,0,0,0.0,491,491,0,0,37,454,0,491,28
324,30888,80,pair_011_n3_011_conflict,conflict,1,0,0,12.46,0.24852166666666664,494208,1482624,16676,208,692046,0,0,0,0.0,492,492,0,0,37,455,0,492,28
325,30980,92,pair_010_n5_010_conflict,conflict,1,0,0,12.340000000000002,0.24836833333333333,495680,1487040,16718,210,694226,0,0,0,0.0,495,495,0,0,37,458,0,495,28
326,31071,91,pair_013_n5_013_control,control,1,0,0,12.350000000000001,0.24821666666666664,497136,1491408,16769,211,696419,0,0,0,0.0,498,498,0,0,37,461,0,498,28
327,31166,95,pair_007_n3_007_conflict,conflict,1,0,0,12.310000000000002,0.24805833333333333,498656,1495968,16842,212,698707,0,0,0,0.0,499,499,0,0,37,462,0,499,28
328,31252,86,pair_014_n5_014_control,control,1,0,0,12.400000000000002,0.247915,500032,1500096,16909,212,700809,0,0,0,0.0,500,500,0,0,37,463,0,500,28
329,31345,93,pair_003_n3_003_control,control,1,0,0,12.330000000000002,0.24775999999999998,501520,1504560,16976,213,703069,0,0,0,0.0,500,500,0,0,37,463,0,500,28
330,31429,84,pair_006_n5_006_conflict,conflict,1,0,0,12.420000000000002,0.24761999999999998,502864,1508592,17029,213,705126,0,0,0,0.0,501,501,0,0,37,464,0,501,28
331,31544,115,pair_011_n3_011_control,control,1,0,0,12.110000000000001,0.2474283333333333,504704,1514112,17060,213,707911,0,0,0,0.0,501,501,0,0,37,464,0,501,28
332,31626,82,pair_009_n5_009_conflict,conflict,1,0,0,12.440000000000001,0.24729166666666666,506016,1518048,17107,213,709883,0,0,0,0.0,504,504,0,0,37,467,0,504,28
333,31721,95,pair_005_n3_005_control,control,1,0,0,12.310000000000002,0.24713333333333332,507536,1522608,17156,213,712173,0,0,0,0.0,506,506,0,0,37,469,0,506,28
334,31800,79,pair_009_n5_009_control,control,1,0,0,12.470000000000002,0.24700166666666665,508800,1526400,17203,213,714128,0,0,0,0.0,508,508,0,0,37,471,0,508,28
335,31914,114,pair_004_n5_004_conflict,conflict,1,0,0,12.120000000000001,0.24681166666666665,510624,1531872,17244,213,716867,0,0,0,0.0,510,510,0,0,37,473,0,510,28
336,31991,77,pair_013_n5_013_conflict,conflict,1,0,0,12.490000000000002,0.2466833333333333,511856,1535568,17264,213,718774,0,0,0,0.0,510,510,0,0,37,473,0,510,28
337,32092,101,pair_017_n5_017_conflict,conflict,1,0,0,12.250000000000002,0.24651499999999998,513472,1540416,17308,213,721229,0,0,0,0.0,510,510,0,0,37,473,0,510,28
338,32188,96,pair_010_n3_010_conflict,conflict,1,0,0,12.300000000000002,0.246355,515008,1545024,17325,215,723532,0,0,0,0.0,512,512,0,0,37,475,0,512,28
339,32287,99,pair_009_n3_009_control,control,1,0,0,12.270000000000001,0.24619,516592,1549776,17366,215,725896,0,0,0,0.0,513,513,0,0,37,476,0,513,28
340,32371,84,pair_014_n3_014_control,control,1,0,0,12.420000000000002,0.24605,517936,1553808,17403,215,727918,0,0,0,0.0,513,513,0,0,37,476,0,513,28
341,32453,82,pair_000_n5_000_conflict,conflict,1,0,0,12.440000000000001,0.24591333333333332,519248,1557744,17437,215,729909,0,0,0,0.0,513,513,0,0,37,476,0,513,28
342,32538,85,pair_007_n5_007_control,control,1,0,0,12.410000000000002,0.24577166666666667,520608,1561824,17475,215,731996,0,0,0,0.0,513,513,0,0,37,476,0,513,28
343,32624,86,pair_015_n3_015_conflict,conflict,1,0,0,12.400000000000002,0.24562833333333334,521984,1565952,17506,215,734044,0,0,0,0.0,513,513,0,0,37,476,0,513,28
344,32724,100,pair_008_n3_008_conflict,conflict,1,0,0,12.260000000000002,0.24546166666666666,523584,1570752,17546,215,736455,0,0,0,0.0,514,514,0,0,37,477,0,514,28
345,32814,90,pair_000_n5_000_control,control,1,0,0,12.360000000000001,0.24531166666666665,525024,1575072,17585,217,738677,0,0,0,0.0,516,516,0,0,37,479,0,516,28
346,32890,76,pair_006_n5_006_control,control,1,0,0,12.500000000000002,0.245185,526240,1578720,17625,217,740533,0,0,0,0.0,516,516,0,0,37,479,0,516,28
347,32980,90,pair_012_n5_012_control,control,1,0,0,12.360000000000001,0.245035,527680,1583040,17661,217,742768,0,0,0,0.0,517,517,0,0,37,480,0,517,28
348,33068,88,pair_011_n5_011_conflict,conflict,1,0,0,12.380000000000003,0.24488833333333332,529088,1587264,17743,217,744923,0,0,0,0.0,519,519,0,0,37,482,0,519,28
349,33150,82,pair_004_n3_004_conflict,conflict,1,0,0,12.440000000000001,0.24475166666666665,530400,1591200,17765,217,746977,0,0,0,0.0,520,520,0,0,37,483,0,520,28
350,33243,93,pair_002_n5_002_conflict,conflict,1,0,0,12.330000000000002,0.24459666666666666,531888,1595664,17813,219,749309,0,0,0,0.0,520,520,0,0,37,483,0,520,28
351,33323,80,pair_013_n3_013_control,control,1,0,0,12.46,0.2444633333333333,533168,1599504,17839,219,751277,0,0,0,0.0,520,520,0,0,37,483,0,520,28
352,33415,92,pair_002_n3_002_control,control,1,0,0,12.340000000000002,0.24430999999999997,534640,1603920,17869,219,753581,0,0,0,0.0,521,521,0,0,37,484,0,521,28
353,33501,86,pair_003_n5_003_conflict,conflict,1,0,0,12.400000000000002,0.24416666666666664,536016,1608048,17895,219,755678,0,0,0,0.0,522,522,0,0,37,485,0,522,28
354,33579,78,pair_005_n5_005_control,control,1,0,0,12.48,0.24403666666666665,537264,1611792,17914,219,757596,0,0,0,0.0,522,522,0,0,37,485,0,522,28
355,33674,95,pair_013_n3_013_conflict,conflict,1,0,0,12.310000000000002,0.2438783333333333,538784,1616352,17970,221,759936,0,0,0,0.0,526,526,0,0,37,489,0,526,28
356,33766,92,pair_017_n5_017_control,control,1,0,0,12.340000000000002,0.243725,540256,1620768,18004,221,762222,0,0,0,0.0,526,526,0,0,37,489,0,526,28
357,33852,86,pair_007_n5_007_conflict,conflict,1,0,0,12.400000000000002,0.24358166666666664,541632,1624896,18053,222,764362,0,0,0,0.0,527,527,0,0,38,489,0,527,28
358,33954,102,pair_003_n3_003_conflict,conflict,1,0,0,12.240000000000002,0.24341166666666667,543264,1629792,18123,222,766810,0,0,0,0.0,527,527,0,0,38,489,0,527,28
359,34046,92,pair_008_n5_008_control,control,1,0,0,12.340000000000002,0.24325833333333333,544736,1634208,18145,222,769024,0,0,0,0.0,527,527,0,0,38,489,0,527,28
360,34146,100,pair_015_n3_015_conflict,conflict,1,0,0,12.260000000000002,0.24309166666666665,546336,1639008,18174,222,771493,0,0,0,0.0,527,527,0,0,38,489,0,527,28
361,34242,96,pair_007_n3_007_conflict,conflict,1,0,0,12.3,0.24293166666666666,547872,1643616,18237,223,773858,0,0,0,0.0,527,527,0,0,38,489,0,527,28
362,34356,114,pair_000_n5_000_control,control,1,0,0,12.120000000000001,0.24274166666666666,549696,1649088,18272,223,776538,0,0,0,0.0,529,529,0,0,38,491,0,529,28
363,34452,96,pair_009_n5_009_control,control,1,0,0,12.3,0.24258166666666664,551232,1653696,18327,223,778820,0,0,0,0.0,530,530,0,0,38,492,0,530,28
364,34543,91,pair_008_n3_008_conflict,conflict,1,0,0,12.350000000000001,0.24242999999999998,552688,1658064,18346,224,781082,0,0,0,0.0,531,531,0,0,38,493,0,531,28
365,34643,100,pair_010_n3_010_conflict,conflict,1,0,0,12.260000000000002,0.24226333333333333,554288,1662864,18400,224,783525,0,0,0,0.0,531,531,0,0,38,493,0,531,28
366,34739,96,pair_004_n3_004_conflict,conflict,1,0,0,12.3,0.24210333333333334,555824,1667472,18431,224,785825,0,0,0,0.0,531,531,0,0,38,493,0,531,28
367,34838,99,pair_015_n5_015_control,control,1,0,0,12.270000000000001,0.2419383333333333,557408,1672224,18455,224,788174,0,0,0,0.0,531,531,0,0,38,493,0,531,28
368,34929,91,pair_010_n5_010_control,control,1,0,0,12.350000000000001,0.24178666666666665,558864,1676592,18496,224,790349,0,0,0,0.0,531,531,0,0,38,493,0,531,28
369,35012,83,pair_011_n3_011_conflict,conflict,1,0,0,12.430000000000001,0.24164833333333333,560192,1680576,18509,224,792311,0,0,0,0.0,531,531,0,0,38,493,0,531,28
370,35086,74,pair_014_n3_014_control,control,1,0,0,12.520000000000001,0.241525,561376,1684128,18541,224,794019,0,0,0,0.0,531,531,0,0,38,493,0,531,28
371,35189,103,pair_017_n3_017_control,control,1,0,0,12.23,0.2413533333333333,563024,1689072,18578,224,796404,0,0,0,0.0,531,531,0,0,38,493,0,531,28
372,35291,102,pair_002_n3_002_conflict,conflict,1,0,0,12.240000000000002,0.2411833333333333,564656,1693968,18618,224,798799,0,0,0,0.0,531,531,0,0,38,493,0,531,28
373,35394,103,pair_003_n3_003_control,control,1,0,0,12.230000000000002,0.24101166666666665,566304,1698912,18643,224,801218,0,0,0,0.0,531,531,0,0,38,493,0,531,28
374,35482,88,pair_013_n3_013_control,control,1,0,0,12.38,0.240865,567712,1703136,18668,224,803158,0,0,0,0.0,532,532,0,0,39,493,0,532,28
375,35573,91,pair_009_n3_009_conflict,conflict,1,0,0,12.350000000000001,0.24071333333333333,569168,1707504,18708,224,805175,0,0,0,0.0,532,532,0,0,39,493,0,532,28
376,35678,105,pair_010_n3_010_control,control,1,0,0,12.21,0.24053833333333333,570848,1712544,18722,224,807527,0,0,0,0.0,533,533,0,0,39,494,0,533,28
377,35780,102,pair_013_n5_013_control,control,1,0,0,12.240000000000002,0.24036833333333332,572480,1717440,18739,224,809792,0,0,0,0.0,533,533,0,0,39,494,0,533,28
378,35871,91,pair_006_n5_006_control,control,1,0,0,12.350000000000001,0.24021666666666666,573936,1721808,18804,224,811834,0,0,0,0.0,534,534,0,0,39,495,0,534,28
379,35970,99,pair_006_n5_006_conflict,conflict,1,0,0,12.270000000000001,0.24005166666666666,575520,1726560,18846,224,814066,0,0,0,0.0,535,535,0,0,39,496,0,535,28
380,36054,84,pair_008_n3_008_control,control,1,0,0,12.420000000000002,0.23991166666666666,576864,1730592,18886,225,815938,0,0,0,0.0,536,536,0,0,39,497,0,536,28
381,36139,85,pair_000_n3_000_control,control,1,0,0,12.410000000000002,0.23976999999999998,578224,1734672,18928,225,817799,0,0,0,0.0,536,536,0,0,39,497,0,536,28
382,36224,85,pair_015_n5_015_conflict,conflict,1,0,0,12.41,0.23962833333333333,579584,1738752,18978,228,819716,0,0,0,0.0,538,538,0,0,41,497,0,538,28
383,36318,94,pair_010_n5_010_conflict,conflict,1,0,0,12.320000000000002,0.23947166666666664,581088,1743264,18999,228,821799,0,0,0,0.0,538,538,0,0,41,497,0,538,28
384,36408,90,pair_001_n3_001_control,control,1,0,0,12.360000000000001,0.23932166666666665,582528,1747584,19020,228,823814,0,0,0,0.0,538,538,0,0,41,497,0,538,28
385,36504,96,pair_006_n3_006_conflict,conflict,1,0,0,12.3,0.23916166666666666,584064,1752192,19056,228,825871,0,0,0,0.0,538,538,0,0,41,497,0,538,28
386,36597,93,pair_000_n5_000_conflict,conflict,1,0,0,12.330000000000002,0.23900666666666665,585552,1756656,19085,228,827827,0,0,0,0.0,538,538,0,0,41,497,0,538,28
387,36682,85,pair_007_n5_007_control,control,1,0,0,12.410000000000002,0.238865,586912,1760736,19149,229,829691,0,0,0,0.0,538,538,0,0,41,497,0,538,28
388,36773,91,pair_013_n5_013_conflict,conflict,1,0,0,12.350000000000001,0.23871333333333333,588368,1765104,19172,229,831643,0,0,0,0.0,538,538,0,0,41,497,0,538,28
389,36864,91,pair_016_n5_016_conflict,conflict,1,0,0,12.350000000000001,0.23856166666666667,589824,1769472,19227,231,833566,0,0,0,0.0,541,541,0,0,42,499,0,541,28
390,36955,91,pair_005_n3_005_control,control,1,0,0,12.350000000000001,0.23840999999999998,591280,1773840,19253,231,835491,0,0,0,0.0,541,541,0,0,42,499,0,541,28
391,37053,98,pair_001_n5_001_conflict,conflict,1,0,0,12.280000000000001,0.23824666666666666,592848,1778544,19276,231,837561,0,0,0,0.0,541,541,0,0,42,499,0,541,28
392,37141,88,pair_009_n5_009_conflict,conflict,1,0,0,12.38,0.23809999999999998,594256,1782768,19309,231,839502,0,0,0,0.0,543,543,0,0,42,501,0,543,28
393,37223,82,pair_005_n5_005_conflict,conflict,1,0,0,12.440000000000001,0.23796333333333333,595568,1786704,19338,231,841214,0,0,0,0.0,543,543,0,0,42,501,0,543,28
394,37306,83,pair_016_n3_016_control,control,1,0,0,12.430000000000001,0.23782499999999998,596896,1790688,19365,231,842994,0,0,0,0.0,543,543,0,0,42,501,0,543,28
395,37389,83,pair_013_n3_013_conflict,conflict,1,0,0,12.430000000000001,0.23768666666666666,598224,1794672,19395,232,844714,0,0,0,0.0,544,544,0,0,42,502,0,544,28
396,37489,100,pair_007_n5_007_conflict,conflict,1,0,0,12.260000000000002,0.23751999999999998,599824,1799472,19465,234,846848,0,0,0,0.0,546,546,0,0,42,504,0,546,28
397,37587,98,pair_011_n5_011_control,control,1,0,0,12.280000000000001,0.23735666666666666,601392,1804176,19529,235,848949,0,0,0,0.0,548,548,0,0,42,506,0,548,28
398,37686,99,pair_014_n5_014_control,control,1,0,0,12.270000000000001,0.23719166666666666,602976,1808928,19606,235,851102,0,0,0,0.0,549,549,0,0,42,507,0,549,28
399,37776,90,pair_008_n5_008_control,control,1,0,0,12.360000000000001,0.23704166666666665,604416,1813248,19668,237,853056,0,0,0,0.0,552,552,0,0,43,509,0,552,28
400,37873,97,pair_016_n3_016_conflict,conflict,1,0,0,12.290000000000003,0.23687999999999998,605968,1817904,19715,237,855204,0,0,0,0.0,552,552,0,0,43,509,0,552,28
401,37948,75,pair_003_n5_003_conflict,conflict,1,0,0,12.510000000000002,0.236755,607168,1821504,19739,237,856765,0,0,0,0.0,552,552,0,0,43,509,0,552,28
402,38038,90,pair_003_n5_003_control,control,1,0,0,12.360000000000001,0.23660499999999998,608608,1825824,19766,237,858652,0,0,0,0.0,552,552,0,0,43,509,0,552,28
403,38123,85,pair_012_n3_012_control,control,1,0,0,12.410000000000002,0.2364633333333333,609968,1829904,19809,238,860483,0,0,0,0.0,552,552,0,0,43,509,0,552,28
404,38231,108,pair_012_n5_012_control,control,1,0,0,12.180000000000001,0.23628333333333332,611696,1835088,19863,239,862840,0,0,0,0.0,553,553,0,0,43,510,0,553,28
405,38327,96,pair_008_n5_008_conflict,conflict,1,0,0,12.3,0.23612333333333332,613232,1839696,19904,241,864883,0,0,0,0.0,559,559,0,0,43,516,0,559,28
406,38417,90,pair_003_n3_003_conflict,conflict,1,0,0,12.360000000000001,0.2359733333333333,614672,1844016,19948,242,866790,0,0,0,0.0,562,562,0,0,43,519,0,562,28
407,38507,90,pair_007_n3_007_control,control,1,0,0,12.360000000000003,0.23582333333333333,616112,1848336,19993,242,868696,0,0,0,0.0,562,562,0,0,43,519,0,562,28
408,38593,86,pair_004_n5_004_conflict,conflict,1,0,0,12.400000000000002,0.23568,617488,1852464,20015,242,870529,0,0,0,0.0,562,562,0,0,43,519,0,562,28
409,38678,85,pair_014_n3_014_conflict,conflict,1,0,0,12.410000000000002,0.23553833333333332,618848,1856544,20053,242,872293,0,0,0,0.0,562,562,0,0,43,519,0,562,28
410,38759,81,pair_011_n5_011_conflict,conflict,1,0,0,12.450000000000001,0.23540333333333333,620144,1860432,20081,242,874039,0,0,0,0.0,562,562,0,0,43,519,0,562,28
411,38848,89,pair_012_n3_012_conflict,conflict,1,0,0,12.370000000000001,0.235255,621568,1864704,20108,242,875980,0,0,0,0.0,562,562,0,0,43,519,0,562,28
412,38952,104,pair_014_n5_014_conflict,conflict,1,0,0,12.220000000000002,0.23508166666666666,623232,1869696,20142,242,878158,0,0,0,0.0,562,562,0,0,43,519,0,562,28
413,39043,91,pair_017_n5_017_control,control,1,0,0,12.350000000000001,0.23492999999999997,624688,1874064,20201,243,880065,0,0,0,0.0,563,563,0,0,43,520,0,563,28
414,39135,92,pair_002_n5_002_control,control,1,0,0,12.340000000000002,0.23477666666666666,626160,1878480,20231,243,882027,0,0,0,0.0,563,563,0,0,43,520,0,563,28
415,39227,92,pair_006_n3_006_control,control,1,0,0,12.340000000000002,0.23462333333333332,627632,1882896,20284,243,883929,0,0,0,0.0,563,563,0,0,43,520,0,563,28
416,39332,105,pair_004_n5_004_control,control,1,0,0,12.21,0.23444833333333331,629312,1887936,20338,244,886103,0,0,0,0.0,566,566,0,0,43,523,0,566,28
417,39428,96,pair_002_n3_002_control,control,1,0,0,12.300000000000002,0.23428833333333332,630848,1892544,20388,245,888121,0,0,0,0.0,569,569,0,0,45,524,0,569,28
418,39515,87,pair_017_n3_017_conflict,conflict,1,0,0,12.39,0.23414333333333331,632240,1896720,20421,245,889960,0,0,0,0.0,569,569,0,0,45,524,0,569,28
419,39609,94,pair_002_n5_002_conflict,conflict,1,0,0,12.32,0.23398666666666668,633744,1901232,20449,245,891882,0,0,0,0.0,569,569,0,0,45,524,0,569,28
420,39690,81,pair_009_n3_009_control,control,1,0,0,12.450000000000001,0.23385166666666665,635040,1905120,20490,247,893621,0,0,0,0.0,571,571,0,0,45,526,0,571,28
421,39781,91,pair_011_n3_011_control,control,1,0,0,12.350000000000001,0.2337,636496,1909488,20507,248,895442,0,0,0,0.0,574,574,0,0,45,529,0,574,28
422,39857,76,pair_015_n3_015_control,control,1,0,0,12.500000000000002,0.23357333333333333,637712,1913136,20529,248,897008,0,0,0,0.0,574,574,0,0,45,529,0,574,28
423,39944,87,pair_000_n3_000_conflict,conflict,1,0,0,12.39,0.23342833333333332,639104,1917312,20575,248,898785,0,0,0,0.0,574,574,0,0,45,529,0,574,28
424,40031,87,pair_012_n5_012_conflict,conflict,1,0,0,12.39,0.23328333333333334,640496,1921488,20609,248,900522,0,0,0,0.0,574,574,0,0,45,529,0,574,28
425,40130,99,pair_016_n5_016_control,control,1,0,0,12.270000000000001,0.23311833333333332,642080,1926240,20643,248,902531,0,0,0,0.0,574,574,0,0,45,529,0,574,28
426,40220,90,pair_005_n3_005_conflict,conflict,1,0,0,12.360000000000001,0.23296833333333333,643520,1930560,20683,248,904343,0,0,0,0.0,574,574,0,0,45,529,0,574,28
427,40305,85,pair_005_n5_005_control,control,1,0,0,12.410000000000002,0.23282666666666665,644880,1934640,20701,248,906066,0,0,0,0.0,574,574,0,0,45,529,0,574,28
428,40397,92,pair_001_n3_001_conflict,conflict,1,0,0,12.340000000000002,0.23267333333333332,646352,1939056,20710,248,907868,0,0,0,0.0,574,574,0,0,45,529,0,574,28
429,40477,80,pair_001_n5_001_control,control,1,0,0,12.46,0.23253999999999997,647632,1942896,20725,248,909355,0,0,0,0.0,574,574,0,0,45,529,0,574,28
430,40565,88,pair_004_n3_004_control,control,1,0,0,12.380000000000003,0.23239333333333334,649040,1947120,20765,248,911048,0,0,0,0.0,574,574,0,0,45,529,0,574,28
431,40650,85,pair_017_n5_017_conflict,conflict,1,0,0,12.410000000000002,0.23225166666666666,650400,1951200,20793,248,912727,0,0,0,0.0,575,575,0,0,45,530,0,575,28
432,40732,82,pair_012_n3_012_conflict,conflict,1,0,0,12.440000000000001,0.232115,651712,1955136,20824,248,914356,0,0,0,0.0,576,576,0,0,45,531,0,576,28
433,40808,76,pair_014_n3_014_conflict,conflict,1,0,0,12.500000000000002,0.23198833333333332,652928,1958784,20873,248,915849,0,0,0,0.0,578,578,0,0,45,533,0,578,28
434,40892,84,pair_003_n5_003_conflict,conflict,1,0,0,12.420000000000002,0.23184833333333332,654272,1962816,20935,248,917603,0,0,0,0.0,578,578,0,0,45,533,0,578,28
435,40995,103,pair_013_n5_013_control,control,1,0,0,12.23,0.23167666666666664,655920,1967760,21031,249,919703,0,0,0,0.0,581,581,0,0,45,536,0,581,28
436,41083,88,pair_009_n5_009_conflict,conflict,1,0,0,12.38,0.23152999999999999,657328,1971984,21099,251,921464,0,0,0,0.0,581,581,0,0,45,536,0,581,28
437,41178,95,pair_013_n3_013_control,control,1,0,0,12.310000000000002,0.23137166666666664,658848,1976544,21163,251,923445,0,0,0,0.0,581,581,0,0,45,536,0,581,28
438,41261,83,pair_015_n3_015_conflict,conflict,1,0,0,12.430000000000001,0.23123333333333332,660176,1980528,21189,251,925155,0,0,0,0.0,582,582,0,0,46,536,0,582,28
439,41354,93,pair_014_n5_014_conflict,conflict,1,0,0,12.330000000000002,0.23107833333333333,661664,1984992,21239,251,927063,0,0,0,0.0,583,583,0,0,46,537,0,583,28
440,41434,80,pair_005_n5_005_control,control,1,0,0,12.46,0.23094499999999998,662944,1988832,21275,251,928714,0,0,0,0.0,585,585,0,0,46,539,0,585,28
441,41533,99,pair_015_n3_015_control,control,1,0,0,12.270000000000001,0.23077999999999999,664528,1993584,21323,252,930781,0,0,0,0.0,586,586,0,0,46,540,0,586,28
442,41618,85,pair_011_n5_011_conflict,conflict,1,0,0,12.410000000000002,0.23063833333333333,665888,1997664,21353,252,932535,0,0,0,0.0,587,587,0,0,46,541,0,587,28
443,41692,74,pair_004_n3_004_conflict,conflict,1,0,0,12.520000000000001,0.23051499999999997,667072,2001216,21377,252,934044,0,0,0,0.0,589,589,0,0,46,543,0,589,28
444,41781,89,pair_004_n5_004_conflict,conflict,1,0,0,12.370000000000001,0.23036666666666666,668496,2005488,21418,252,935854,0,0,0,0.0,589,589,0,0,46,543,0,589,28
445,41866,85,pair_013_n3_013_conflict,conflict,1,0,0,12.410000000000002,0.23022499999999999,669856,2009568,21460,252,937669,0,0,0,0.0,590,590,0,0,46,544,0,590,28
446,41953,87,pair_010_n5_010_conflict,conflict,1,0,0,12.39,0.23008,671248,2013744,21502,254,939422,0,0,0,0.0,593,593,0,0,46,547,0,593,28
447,42025,72,pair_009_n3_009_conflict,conflict,1,0,0,12.540000000000001,0.22996,672400,2017200,21528,254,940868,0,0,0,0.0,593,593,0,0,46,547,0,593,28
448,42109,84,pair_006_n5_006_control,control,1,0,0,12.420000000000002,0.22981999999999997,673744,2021232,21577,255,942589,0,0,0,0.0,594,594,0,0,47,547,0,594,28
449,42204,95,pair_000_n5_000_control,control,1,0,0,12.310000000000002,0.22966166666666665,675264,2025792,21615,255,944538,0,0,0,0.0,596,596,0,0,47,549,0,596,28
450,42296,92,pair_001_n3_001_conflict,conflict,1,0,0,12.340000000000002,0.22950833333333331,676736,2030208,21636,257,946399,0,0,0,0.0,599,599,0,0,47,552,0,599,29
451,42401,105,pair_016_n5_016_conflict,conflict,1,0,0,12.21,0.22933333333333333,678416,2035248,21677,257,948490,0,0,0,0.0,599,599,0,0,47,552,0,599,29
452,42504,103,pair_001_n5_001_conflict,conflict,1,0,0,12.23,0.22916166666666665,680064,2040192,21696,258,950576,0,0,0,0.0,601,601,0,0,47,554,0,601,29
453,42588,84,pair_005_n3_005_control,control,1,0,0,12.420000000000002,0.22902166666666665,681408,2044224,21727,258,952271,0,0,0,0.0,601,601,0,0,47,554,0,601,29
454,42678,90,pair_008_n3_008_conflict,conflict,1,0,0,12.360000000000001,0.22887166666666664,682848,2048544,21738,258,954038,0,0,0,0.0,601,601,0,0,47,554,0,601,29
455,42777,99,pair_016_n3_016_conflict,conflict,1,0,0,12.270000000000001,0.22870666666666667,684432,2053296,21778,258,956045,0,0,0,0.0,601,601,0,0,47,554,0,601,29
456,42865,88,pair_017_n5_017_conflict,conflict,1,0,0,12.38,0.22855999999999999,685840,2057520,21811,258,957836,0,0,0,0.0,601,601,0,0,47,554,0,601,29
457,42954,89,pair_016_n3_016_control,control,1,0,0,12.370000000000001,0.22841166666666665,687264,2061792,21841,258,959587,0,0,0,0.0,601,601,0,0,47,554,0,601,29
458,43049,95,pair_015_n5_015_control,control,1,0,0,12.310000000000002,0.2282533333333333,688784,2066352,21873,258,961511,0,0,0,0.0,601,601,0,0,47,554,0,601,29
459,43131,82,pair_011_n3_011_conflict,conflict,1,0,0,12.440000000000001,0.22811666666666666,690096,2070288,21886,258,963104,0,0,0,0.0,602,602,0,0,47,555,0,602,29
460,43208,77,pair_012_n3_012_control,control,1,0,0,12.490000000000002,0.22798833333333332,691328,2073984,21914,258,964584,0,0,0,0.0,602,602,0,0,47,555,0,602,29
461,43308,100,pair_008_n3_008_control,control,1,0,0,12.260000000000002,0.22782166666666664,692928,2078784,21925,258,966515,0,0,0,0.0,602,602,0,0,47,555,0,602,29
462,43392,84,pair_003_n3_003_control,control,1,0,0,12.420000000000002,0.22768166666666667,694272,2082816,21942,258,968123,0,0,0,0.0,602,602,0,0,47,555,0,602,29
463,43487,95,pair_006_n3_006_control,control,1,0,0,12.310000000000002,0.22752333333333333,695792,2087376,21986,258,969980,0,0,0,0.0,604,604,0,0,48,556,0,604,29
464,43570,83,pair_017_n5_017_control,control,1,0,0,12.430000000000001,0.227385,697120,2091360,22037,258,971619,0,0,0,0.0,608,608,0,0,49,559,0,608,29
465,43657,87,pair_011_n5_011_control,control,1,0,0,12.39,0.22724,698512,2095536,22100,259,973333,0,0,0,0.0,611,611,0,0,49,562,0,611,29
466,43746,89,pair_002_n5_002_control,control,1,0,0,12.370000000000001,0.22709166666666664,699936,2099808,22161,260,975142,0,0,0,0.0,614,614,0,0,49,565,0,614,29
467,43835,89,pair_005_n5_005_conflict,conflict,1,0,0,12.370000000000001,0.22694333333333333,701360,2104080,22230,260,976927,0,0,0,0.0,614,614,0,0,49,565,0,614,29
468,43934,99,pair_007_n5_007_conflict,conflict,1,0,0,12.270000000000001,0.2267783333333333,702944,2108832,22286,261,978938,0,0,0,0.0,615,615,0,0,49,566,0,615,29
469,44028,94,pair_011_n3_011_control,control,1,0,0,12.320000000000002,0.22662166666666667,704448,2113344,22309,262,980905,0,0,0,0.0,617,617,0,0,49,568,0,617,29
470,44114,86,pair_005_n3_005_conflict,conflict,1,0,0,12.400000000000002,0.22647833333333334,705824,2117472,22371,263,982672,0,0,0,0.0,619,619,0,0,50,569,0,619,29
471,44205,91,pair_003_n3_003_conflict,conflict,1,0,0,12.350000000000001,0.22632666666666668,707280,2121840,22390,263,984580,0,0,0,0.0,619,619,0,0,50,569,0,619,29
472,44299,94,pair_003_n5_003_control,control,1,0,0,12.320000000000002,0.22616999999999998,708784,2126352,22445,263,986571,0,0,0,0.0,620,620,0,0,50,570,0,620,29
473,44391,92,pair_017_n3_017_control,control,1,0,0,12.340000000000002,0.22601666666666664,710256,2130768,22494,263,988517,0,0,0,0.0,621,621,0,0,50,571,0,621,29
474,44474,83,pair_009_n3_009_control,control,1,0,0,12.430000000000001,0.22587833333333332,711584,2134752,22546,263,990299,0,0,0,0.0,621,621,0,0,50,571,0,621,29
475,44551,77,pair_000_n3_000_control,control,1,0,0,12.490000000000002,0.22575,712816,2138448,22585,264,991921,0,0,0,0.0,622,622,0,0,50,572,0,622,29
476,44644,93,pair_010_n3_010_conflict,conflict,1,0,0,12.330000000000002,0.225595,714304,2142912,22620,264,993819,0,0,0,0.0,622,622,0,0,50,572,0,622,29
477,44744,100,pair_014_n3_014_control,control,1,0,0,12.260000000000002,0.22542833333333334,715904,2147712,22676,264,995870,0,0,0,0.0,623,623,0,0,50,573,0,623,29
478,44831,87,pair_012_n5_012_control,control,1,0,0,12.39,0.22528333333333334,717296,2151888,22731,264,997742,0,0,0,0.0,624,624,0,0,51,573,0,624,29
479,44924,93,pair_008_n5_008_conflict,conflict,1,0,0,12.330000000000002,0.22512833333333332,718784,2156352,22768,265,999716,0,0,0,0.0,626,626,0,0,51,575,0,626,29
480,45008,84,pair_016_n5_016_control,control,1,0,0,12.420000000000002,0.22498833333333332,720128,2160384,22822,265,1001415,0,0,0,0.0,627,627,0,0,52,575,0,627,29
481,45095,87,pair_002_n3_002_conflict,conflict,1,0,0,12.39,0.22484333333333334,721520,2164560,22856,266,1003279,0,0,0,0.0,631,631,0,0,53,578,0,631,29
482,45183,88,pair_004_n5_004_control,control,1,0,0,12.38,0.22469666666666666,722928,2168784,22887,266,1005169,0,0,0,0.0,632,632,0,0,53,579,0,632,29
483,45273,90,pair_008_n5_008_control,control,1,0,0,12.360000000000003,0.22454666666666667,724368,2173104,22955,266,1007044,0,0,0,0.0,633,633,0,0,53,580,0,633,29
484,45355,82,pair_009_n5_009_control,control,1,0,0,12.440000000000001,0.22441,725680,2177040,23005,267,1008817,0,0,0,0.0,638,638,0,0,53,585,0,638,29
485,45450,95,pair_007_n3_007_conflict,conflict,1,0,0,12.310000000000002,0.22425166666666665,727200,2181600,23059,267,1010850,0,0,0,0.0,640,640,0,0,54,586,0,640,29
486,45532,82,pair_006_n3_006_conflict,conflict,1,0,0,12.440000000000001,0.224115,728512,2185536,23100,267,1012608,0,0,0,0.0,640,640,0,0,54,586,0,640,29
487,45617,85,pair_012_n5_012_conflict,conflict,1,0,0,12.410000000000002,0.2239733333333333,729872,2189616,23153,268,1014458,0,0,0,0.0,642,642,0,0,55,587,0,642,29
488,45697,80,pair_007_n5_007_control,control,1,0,0,12.46,0.22383999999999998,731152,2193456,23207,269,1016181,0,0,0,0.0,644,644,0,0,56,588,0,644,29
489,45806,109,pair_015_n5_015_conflict,conflict,1,0,0,12.170000000000002,0.22365833333333332,732896,2198688,23266,270,1018566,0,0,0,0.0,645,645,0,0,57,588,0,645,29
490,45883,77,pair_017_n3_017_conflict,conflict,1,0,0,12.490000000000002,0.22353,734128,2202384,23308,270,1020248,0,0,0,0.0,646,646,0,0,57,589,0,646,29
491,45971,88,pair_002_n3_002_control,control,1,0,0,12.38,0.22338333333333332,735536,2206608,23331,270,1022175,0,0,0,0.0,646,646,0,0,57,589,0,646,29
492,46073,102,pair_010_n5_010_control,control,1,0,0,12.240000000000002,0.22321333333333332,737168,2211504,23344,270,1024386,0,0,0,0.0,646,646,0,0,57,589,0,646,29
493,46158,85,pair_004_n3_004_control,control,1,0,0,12.410000000000002,0.22307166666666667,738528,2215584,23367,270,1026241,0,0,0,0.0,646,646,0,0,57,589,0,646,29
494,46260,102,pair_000_n5_000_conflict,conflict,1,0,0,12.240000000000002,0.22290166666666666,740160,2220480,23439,270,1028374,0,0,0,0.0,646,646,0,0,57,589,0,646,29
495,46357,97,pair_007_n3_007_control,control,1,0,0,12.290000000000001,0.22274,741712,2225136,23483,270,1030460,0,0,0,0.0,647,647,0,0,57,590,0,647,29
496,46443,86,pair_006_n5_006_conflict,conflict,1,0,0,12.400000000000002,0.22259666666666666,743088,2229264,23522,270,1032294,0,0,0,0.0,648,648,0,0,57,591,0,648,29
497,46525,82,pair_013_n5_013_conflict,conflict,1,0,0,12.440000000000001,0.22246,744400,2233200,23546,270,1034067,0,0,0,0.0,648,648,0,0,57,591,0,648,29
498,46630,105,pair_002_n5_002_conflict,conflict,1,0,0,12.21,0.22228499999999998,746080,2238240,23577,270,1036356,0,0,0,0.0,648,648,0,0,57,591,0,648,29
499,46722,92,pair_001_n5_001_control,control,1,0,0,12.340000000000002,0.22213166666666667,747552,2242656,23601,272,1038289,0,0,0,0.0,651,651,0,0,57,594,0,651,29
500,46803,81,pair_014_n5_014_control,control,1,0,0,12.450000000000001,0.22199666666666668,748848,2246544,23629,272,1039994,0,0,0,0.0,651,651,0,0,57,594,0,651,29
501,46899,96,pair_010_n3_010_control,control,1,0,0,12.3,0.22183666666666665,750384,2251152,23638,272,1042044,0,0,0,0.0,651,651,0,0,57,594,0,651,29
502,46983,84,pair_000_n3_000_conflict,conflict,1,0,0,12.420000000000002,0.22169666666666665,751728,2255184,23680,273,1043784,0,0,0,0.0,653,653,0,0,57,596,0,653,29
503,47075,92,pair_001_n3_001_control,control,1,0,0,12.340000000000002,0.22154333333333331,753200,2259600,23720,273,1045743,0,0,0,0.0,653,653,0,0,57,596,0,653,29
504,47172,97,pair_013_n5_013_control,control,1,0,0,12.290000000000001,0.22138166666666664,754752,2264256,23737,273,1047777,0,0,0,0.0,653,653,0,0,57,596,0,653,29
505,47258,86,pair_015_n3_015_conflict,conflict,1,0,0,12.400000000000002,0.22123833333333331,756128,2268384,23756,273,1049548,0,0,0,0.0,653,653,0,0,57,596,0,653,29
506,47364,106,pair_007_n3_007_conflict,conflict,1,0,0,12.200000000000001,0.22106166666666666,757824,2273472,23801,273,1051785,0,0,0,0.0,653,653,0,0,57,596,0,653,29
507,47447,83,pair_000_n3_000_conflict,conflict,1,0,0,12.430000000000001,0.2209233333333333,759152,2277456,23827,273,1053493,0,0,0,0.0,653,653,0,0,57,596,0,653,29
508,47539,92,pair_005_n5_005_conflict,conflict,1,0,0,12.340000000000002,0.22077,760624,2281872,23862,274,1055353,0,0,0,0.0,655,655,0,0,57,598,0,655,29
509,47626,87,pair_004_n5_004_control,control,1,0,0,12.39,0.220625,762016,2286048,23885,274,1057141,0,0,0,0.0,656,656,0,0,57,599,0,656,29
510,47716,90,pair_006_n5_006_control,control,1,0,0,12.360000000000001,0.22047499999999998,763456,2290368,23919,275,1059008,0,0,0,0.0,657,657,0,0,57,600,0,657,29
511,47801,85,pair_005_n3_005_control,control,1,0,0,12.410000000000002,0.22033333333333333,764816,2294448,23949,275,1060735,0,0,0,0.0,657,657,0,0,57,600,0,657,29
512,47891,90,pair_013_n3_013_conflict,conflict,1,0,0,12.360000000000001,0.22018333333333334,766256,2298768,23977,276,1062581,0,0,0,0.0,658,658,0,0,57,601,0,658,29
513,47972,81,pair_010_n5_010_control,control,1,0,0,12.450000000000001,0.22004833333333332,767552,2302656,24012,276,1064213,0,0,0,0.0,659,659,0,0,57,602,0,659,29
514,48057,85,pair_007_n3_007_control,control,1,0,0,12.410000000000002,0.21990666666666664,768912,2306736,24043,276,1065975,0,0,0,0.0,659,659,0,0,57,602,0,659,29
515,48135,78,pair_002_n3_002_conflict,conflict,1,0,0,12.480000000000002,0.21977666666666668,770160,2310480,24063,276,1067521,0,0,0,0.0,659,659,0,0,57,602,0,659,29
516,48227,92,pair_016_n5_016_conflict,conflict,1,0,0,12.340000000000002,0.21962333333333334,771632,2314896,24112,276,1069385,0,0,0,0.0,660,660,0,0,58,602,0,660,29
517,48322,95,pair_000_n5_000_conflict,conflict,1,0,0,12.310000000000002,0.219465,773152,2319456,24161,276,1071338,0,0,0,0.0,662,662,0,0,58,604,0,662,29
518,48402,80,pair_008_n3_008_conflict,conflict,1,0,0,12.46,0.21933166666666665,774432,2323296,24174,276,1072974,0,0,0,0.0,662,662,0,0,58,604,0,662,29
519,48493,91,pair_016_n3_016_control,control,1,0,0,12.350000000000001,0.21917999999999999,775888,2327664,24219,276,1074853,0,0,0,0.0,663,663,0,0,58,605,0,663,29
520,48569,76,pair_013_n3_013_control,control,1,0,0,12.500000000000002,0.21905333333333332,777104,2331312,24265,276,1076379,0,0,0,0.0,663,663,0,0,58,605,0,663,29
521,48655,86,pair_008_n5_008_conflict,conflict,1,0,0,12.400000000000002,0.21891,778480,2335440,24316,276,1078126,0,0,0,0.0,664,664,0,0,58,606,0,664,29
522,48728,73,pair_014_n3_014_control,control,1,0,0,12.530000000000001,0.2187883333333333,779648,2338944,24354,276,1079648,0,0,0,0.0,665,665,0,0,59,606,0,665,29
523,48817,89,pair_006_n3_006_control,control,1,0,0,12.370000000000001,0.21864,781072,2343216,24394,278,1081465,0,0,0,0.0,668,668,0,0,60,608,0,668,29
524,48900,83,pair_003_n3_003_control,control,1,0,0,12.430000000000001,0.21850166666666665,782400,2347200,24405,278,1083174,0,0,0,0.0,668,668,0,0,60,608,0,668,29
525,48977,77,pair_005_n5_005_control,control,1,0,0,12.490000000000002,0.2183733333333333,783632,2350896,24445,279,1084778,0,0,0,0.0,668,668,0,0,60,608,0,668,29
526,49057,80,pair_016_n3_016_conflict,conflict,1,0,0,12.46,0.21824,784912,2354736,24476,279,1086440,0,0,0,0.0,669,669,0,0,61,608,0,669,29
527,49149,92,pair_005_n3_005_conflict,conflict,1,0,0,12.340000000000002,0.21808666666666665,786384,2359152,24527,280,1088342,0,0,0,0.0,670,670,0,0,61,609,0,670,29
528,49230,81,pair_009_n5_009_control,control,1,0,0,12.450000000000003,0.21795166666666665,787680,2363040,24582,280,1090032,0,0,0,0.0,672,672,0,0,62,610,0,672,29
529,49308,78,pair_012_n5_012_control,control,1,0,0,12.480000000000002,0.21782166666666664,788928,2366784,24635,280,1091674,0,0,0,0.0,675,675,0,0,63,612,0,675,29
530,49407,99,pair_001_n5_001_conflict,conflict,1,0,0,12.270000000000001,0.21765666666666666,790512,2371536,24699,283,1093724,0,0,0,0.0,678,678,0,0,63,615,0,678,29
531,49495,88,pair_008_n3_008_control,control,1,0,0,12.380000000000003,0.21750999999999998,791920,2375760,24745,283,1095585,0,0,0,0.0,678,678,0,0,63,615,0,678,29
532,49582,87,pair_017_n5_017_conflict,conflict,1,0,0,12.39,0.21736499999999997,793312,2379936,24787,287,1097416,0,0,0,0.0,681,681,0,0,63,618,0,681,29
533,49665,83,pair_014_n3_014_conflict,conflict,1,0,0,12.430000000000001,0.21722666666666665,794640,2383920,24827,287,1099148,0,0,0,0.0,683,683,0,0,64,619,0,683,29
534,49761,96,pair_002_n5_002_control,control,1,0,0,12.3,0.21706666666666666,796176,2388528,24883,289,1101164,0,0,0,0.0,687,687,0,0,64,623,0,687,29
535,49846,85,pair_008_n5_008_control,control,1,0,0,12.410000000000002,0.21692499999999998,797536,2392608,24937,289,1102985,0,0,0,0.0,688,688,0,0,65,623,0,688,29
536,49924,78,pair_004_n3_004_control,control,1,0,0,12.48,0.216795,798784,2396352,24963,289,1104618,0,0,0,0.0,688,688,0,0,65,623,0,688,29
537,50010,86,pair_004_n3_004_conflict,conflict,1,0,0,12.400000000000002,0.21665166666666666,800060,2400580,24985,289,1106451,0,0,0,0.0,688,688,0,0,65,623,0,688,29
538,50091,81,pair_016_n5_016_control,control,1,0,0,12.450000000000001,0.21651666666666664,800546,2405278,25042,289,1108429,0,0,0,0.0,690,690,0,0,65,625,0,690,29
539,50173,82,pair_012_n3_012_control,control,1,0,0,12.440000000000001,0.21638,801038,2410034,25072,289,1110469,0,0,0,0.0,691,691,0,0,66,625,0,691,29
540,50274,101,pair_012_n5_012_conflict,conflict,1,0,0,12.250000000000002,0.21621166666666664,801644,2415892,25105,289,1112978,0,0,0,0.0,691,691,0,0,66,625,0,691,29
541,50362,88,pair_002_n5_002_conflict,conflict,1,0,0,12.380000000000003,0.216065,802172,2420996,25134,289,1115197,0,0,0,0.0,691,691,0,0,66,625,0,691,29
542,50449,87,pair_017_n5_017_control,control,1,0,0,12.39,0.21592,802694,2426042,25166,289,1117387,0,0,0,0.0,691,691,0,0,66,625,0,691,29
543,50539,90,pair_015_n5_015_control,control,1,0,0,12.360000000000001,0.21577,803234,2431262,25188,289,1119645,0,0,0,0.0,691,691,0,0,66,625,0,691,29
544,50635,96,pair_014_n5_014_control,control,1,0,0,12.3,0.21560999999999997,803810,2436830,25228,289,1122017,0,0,0,0.0,691,691,0,0,66,625,0,691,29
545,50715,80,pair_009_n5_009_conflict,conflict,1,0,0,12.46,0.21547666666666665,804290,2441470,25262,289,1124016,0,0,0,0.0,691,691,0,0,66,625,0,691,29
546,50794,79,pair_011_n3_011_conflict,conflict,1,0,0,12.470000000000002,0.215345,804764,2446052,25274,289,1125880,0,0,0,0.0,691,691,0,0,66,625,0,691,29
547,50877,83,pair_017_n3_017_control,control,1,0,0,12.430000000000001,0.21520666666666666,805262,2450866,25306,289,1127883,0,0,0,0.0,691,691,0,0,66,625,0,691,29
548,50962,85,pair_013_n5_013_conflict,conflict,1,0,0,12.410000000000002,0.215065,805772,2455796,25323,289,1130056,0,0,0,0.0,691,691,0,0,66,625,0,691,29
549,51057,95,pair_015_n5_015_conflict,conflict,1,0,0,12.310000000000002,0.21490666666666663,806342,2461306,25354,289,1132410,0,0,0,0.0,691,691,0,0,66,625,0,691,29
550,51147,90,pair_004_n5_004_conflict,conflict,1,0,0,12.360000000000001,0.21475666666666665,806882,2466526,25385,289,1134650,0,0,0,0.0,691,691,0,0,66,625,0,691,29
551,51229,82,pair_002_n3_002_control,control,1,0,0,12.440000000000001,0.21461999999999998,807374,2471282,25408,289,1136740,0,0,0,0.0,691,691,0,0,66,625,0,691,29
552,51318,89,pair_012_n3_012_conflict,conflict,1,0,0,12.370000000000001,0.21447166666666667,807908,2476444,25449,290,1138974,0,0,0,0.0,692,692,0,0,66,626,0,692,29
553,51424,106,pair_003_n5_003_conflict,conflict,1,0,0,12.200000000000001,0.21429499999999999,808544,2482592,25467,290,1141532,0,0,0,0.0,692,692,0,0,66,626,0,692,29
554,51521,97,pair_014_n5_014_conflict,conflict,1,0,0,12.290000000000001,0.21413333333333334,809126,2488218,25504,290,1143898,0,0,0,0.0,692,692,0,0,66,626,0,692,29
555,51599,78,pair_010_n3_010_control,control,1,0,0,12.480000000000002,0.21400333333333332,809594,2492742,25514,290,1145794,0,0,0,0.0,692,692,0,0,66,626,0,692,29
556,51684,85,pair_001_n5_001_control,control,1,0,0,12.410000000000002,0.21386166666666667,810104,2497672,25553,291,1147893,0,0,0,0.0,695,695,0,0,66,629,0,695,29
557,51763,79,pair_006_n5_006_conflict,conflict,1,0,0,12.470000000000002,0.21372999999999998,810578,2502254,25586,291,1149806,0,0,0,0.0,695,695,0,0,66,629,0,695,29
558,51845,82,pair_001_n3_001_conflict,conflict,1,0,0,12.440000000000001,0.2135933333333333,811070,2507010,25596,291,1151838,0,0,0,0.0,695,695,0,0,66,629,0,695,29
559,51933,88,pair_015_n3_015_control,control,1,0,0,12.380000000000003,0.21344666666666667,811598,2512114,25620,291,1154032,0,0,0,0.0,695,695,0,0,66,629,0,695,29
560,52018,85,pair_000_n3_000_control,control,1,0,0,12.410000000000002,0.213305,812108,2517044,25653,291,1156190,0,0,0,0.0,695,695,0,0,66,629,0,695,29
561,52101,83,pair_000_n5_000_control,control,1,0,0,12.430000000000001,0.21316666666666667,812606,2521858,25684,291,1158324,0,0,0,0.0,695,695,0,0,66,629,0,695,29
562,52182,81,pair_003_n3_003_conflict,conflict,1,0,0,12.450000000000001,0.21303166666666667,813092,2526556,25704,291,1160393,0,0,0,0.0,695,695,0,0,66,629,0,695,29
563,52276,94,pair_003_n5_003_control,control,1,0,0,12.320000000000002,0.21287499999999998,813656,2532008,25722,291,1162728,0,0,0,0.0,695,695,0,0,66,629,0,695,29
564,52372,96,pair_007_n5_007_conflict,conflict,1,0,0,12.3,0.212715,814232,2537576,25751,291,1165043,0,0,0,0.0,695,695,0,0,66,629,0,695,29
565,52451,79,pair_006_n3_006_conflict,conflict,1,0,0,12.470000000000002,0.21258333333333332,814706,2542158,25807,292,1166946,0,0,0,0.0,695,695,0,0,66,629,0,695,29
566,52544,93,pair_010_n5_010_conflict,conflict,1,0,0,12.330000000000002,0.21242833333333333,815264,2547552,25825,292,1169212,0,0,0,0.0,695,695,0,0,66,629,0,695,29
567,52626,82,pair_007_n5_007_control,control,1,0,0,12.440000000000001,0.21229166666666666,815756,2552308,25849,292,1171121,0,0,0,0.0,695,695,0,0,66,629,0,695,29
568,52710,84,pair_011_n3_011_control,control,1,0,0,12.420000000000002,0.21215166666666666,816260,2557180,25872,292,1173112,0,0,0,0.0,695,695,0,0,66,629,0,695,29
569,52808,98,pair_009_n3_009_conflict,conflict,1,0,0,12.280000000000003,0.21198833333333333,816848,2562864,25917,292,1175436,0,0,0,0.0,696,696,0,0,66,630,0,696,29
570,52914,106,pair_017_n3_017_conflict,conflict,1,0,0,12.200000000000001,0.21181166666666668,817484,2569012,25952,292,1177901,0,0,0,0.0,696,696,0,0,66,630,0,696,29
571,52999,85,pair_011_n5_011_control,control,1,0,0,12.410000000000002,0.21166999999999997,817994,2573942,25980,292,1179876,0,0,0,0.0,696,696,0,0,66,630,0,696,29
572,53087,88,pair_010_n3_010_conflict,conflict,1,0,0,12.380000000000003,0.21152333333333334,818522,2579046,25993,292,1181964,0,0,0,0.0,696,696,0,0,66,630,0,696,29
573,53171,84,pair_009_n3_009_control,control,1,0,0,12.420000000000002,0.2113833333333333,819026,2583918,26027,292,1183919,0,0,0,0.0,696,696,0,0,66,630,0,696,29
574,53251,80,pair_011_n5_011_conflict,conflict,1,0,0,12.46,0.21125,819506,2588558,26080,292,1185803,0,0,0,0.0,696,696,0,0,66,630,0,696,29
575,53341,90,pair_001_n3_001_control,control,1,0,0,12.360000000000001,0.21109999999999998,820046,2593778,26089,292,1187913,0,0,0,0.0,696,696,0,0,66,630,0,696,29
576,53419,78,pair_012_n3_012_conflict,conflict,1,0,0,12.48,0.21097,820514,2598302,26127,292,1189686,0,0,0,0.0,696,696,0,0,66,630,0,696,29
577,53505,86,pair_000_n5_000_control,control,1,0,0,12.400000000000002,0.21082666666666666,821030,2603290,26157,292,1191609,0,0,0,0.0,696,696,0,0,66,630,0,696,29
578,53594,89,pair_009_n5_009_conflict,conflict,1,0,0,12.370000000000001,0.21067833333333333,821564,2608452,26197,293,1193674,0,0,0,0.0,696,696,0,0,66,630,0,696,29
579,53670,76,pair_011_n3_011_conflict,conflict,1,0,0,12.500000000000002,0.21055166666666664,822020,2612860,26212,293,1195449,0,0,0,0.0,696,696,0,0,66,630,0,696,29
580,53755,85,pair_015_n3_015_conflict,conflict,1,0,0,12.410000000000002,0.21040999999999999,822530,2617790,26240,293,1197395,0,0,0,0.0,696,696,0,0,66,630,0,696,29
581,53837,82,pair_007_n3_007_control,control,1,0,0,12.440000000000001,0.2102733333333333,823022,2622546,26279,293,1199252,0,0,0,0.0,697,697,0,0,66,631,0,697,29
582,53916,79,pair_006_n3_006_conflict,conflict,1,0,0,12.470000000000002,0.21014166666666667,823496,2627128,26309,293,1201048,0,0,0,0.0,697,697,0,0,66,631,0,697,29
583,54003,87,pair_015_n5_015_control,control,1,0,0,12.39,0.20999666666666666,824018,2632174,26347,293,1203021,0,0,0,0.0,697,697,0,0,66,631,0,697,29
584,54086,83,pair_011_n5_011_conflict,conflict,1,0,0,12.430000000000001,0.2098583333333333,824516,2636988,26376,293,1204889,0,0,0,0.0,698,698,0,0,66,632,0,698,29
585,54176,90,pair_001_n3_001_conflict,conflict,1,0,0,12.360000000000001,0.20970833333333333,825056,2642208,26387,294,1206789,0,0,0,0.0,699,699,0,0,67,632,0,699,29
586,54251,75,pair_008_n3_008_conflict,conflict,1,0,0,12.510000000000002,0.20958333333333332,825506,2646558,26396,294,1208468,0,0,0,0.0,700,700,0,0,67,633,0,700,29
587,54331,80,pair_017_n3_017_conflict,conflict,1,0,0,12.46,0.20944999999999997,825986,2651198,26439,295,1210295,0,0,0,0.0,701,701,0,0,67,634,0,701,29
588,54409,78,pair_009_n3_009_control,control,1,0,0,12.48,0.20932,826454,2655722,26475,295,1212003,0,0,0,0.0,701,701,0,0,67,634,0,701,29
589,54501,92,pair_014_n3_014_control,control,1,0,0,12.340000000000002,0.20916666666666667,827006,2661058,26520,295,1214071,0,0,0,0.0,702,702,0,0,67,635,0,702,29
590,54600,99,pair_000_n5_000_conflict,conflict,1,0,0,12.270000000000001,0.20900166666666664,827600,2666800,26579,296,1216192,0,0,0,0.0,703,703,0,0,67,636,0,703,29
591,54681,81,pair_002_n5_002_conflict,conflict,1,0,0,12.450000000000001,0.20886666666666664,828086,2671498,26607,296,1217939,0,0,0,0.0,704,704,0,0,67,637,0,704,29
592,54770,89,pair_007_n5_007_conflict,conflict,1,0,0,12.370000000000001,0.20871833333333334,828620,2676660,26657,297,1219885,0,0,0,0.0,707,707,0,0,67,640,0,707,29
593,54849,79,pair_010_n5_010_control,control,1,0,0,12.470000000000002,0.20858666666666664,829094,2681242,26675,297,1221661,0,0,0,0.0,708,708,0,0,67,641,0,708,29
594,54949,100,pair_011_n3_011_control,control,1,0,0,12.260000000000002,0.20842,829694,2687042,26705,300,1223842,0,0,0,0.0,712,712,0,0,69,643,0,712,29
595,55035,86,pair_016_n3_016_conflict,conflict,1,0,0,12.400000000000002,0.20827666666666667,830210,2692030,26740,300,1225774,0,0,0,0.0,712,712,0,0,69,643,0,712,29
596,55125,90,pair_016_n5_016_conflict,conflict,1,0,0,12.360000000000001,0.20812666666666665,830750,2697250,26772,300,1227750,0,0,0,0.0,712,712,0,0,69,643,0,712,29
597,55216,91,pair_009_n3_009_conflict,conflict,1,0,0,12.350000000000001,0.207975,831296,2702528,26802,300,1229767,0,0,0,0.0,712,712,0,0,69,643,0,712,29
598,55298,82,pair_010_n5_010_conflict,conflict,1,0,0,12.440000000000001,0.20783833333333332,831788,2707284,26819,302,1231557,0,0,0,0.0,714,714,0,0,69,645,0,714,29
599,55389,91,pair_017_n5_017_conflict,conflict,1,0,0,12.350000000000001,0.20768666666666666,832334,2712562,26852,302,1233544,0,0,0,0.0,714,714,0,0,69,645,0,714,29
600,55482,93,pair_004_n5_004_conflict,conflict,1,0,0,12.330000000000002,0.20753166666666667,832892,2717956,26878,302,1235599,0,0,0,0.0,715,715,0,0,69,646,0,715,29
601,55575,93,pair_002_n3_002_control,control,1,0,0,12.330000000000002,0.20737666666666665,833450,2723350,26902,302,1237665,0,0,0,0.0,715,715,0,0,69,646,0,715,29
602,55653,78,pair_007_n5_007_control,control,1,0,0,12.480000000000002,0.20724666666666666,833918,2727874,26942,302,1239402,0,0,0,0.0,715,715,0,0,69,646,0,715,29
603,55745,92,pair_012_n3_012_control,control,1,0,0,12.340000000000002,0.20709333333333332,834470,2733210,26977,302,1241423,0,0,0,0.0,717,717,0,0,69,648,0,717,29
604,55825,80,pair_001_n3_001_control,control,1,0,0,12.46,0.20695999999999998,834950,2737850,26987,302,1243139,0,0,0,0.0,719,719,0,0,69,650,0,719,29
605,55908,83,pair_010_n3_010_conflict,conflict,1,0,0,12.430000000000001,0.20682166666666665,835448,2742664,27004,302,1244917,0,0,0,0.0,720,720,0,0,69,651,0,720,29
606,55992,84,pair_004_n3_004_conflict,conflict,1,0,0,12.420000000000002,0.20668166666666665,835952,2747536,27035,303,1246771,0,0,0,0.0,720,720,0,0,69,651,0,720,29
607,56076,84,pair_000_n3_000_control,control,1,0,0,12.420000000000002,0.20654166666666665,836456,2752408,27063,303,1248603,0,0,0,0.0,720,720,0,0,69,651,0,720,29
608,56172,96,pair_005_n3_005_control,control,1,0,0,12.3,0.20638166666666666,837032,2757976,27101,303,1250719,0,0,0,0.0,722,722,0,0,69,653,0,722,29
609,56244,72,pair_002_n5_002_control,control,1,0,0,12.540000000000001,0.20626166666666665,837464,2762152,27121,303,1252278,0,0,0,0.0,722,722,0,0,69,653,0,722,29
610,56325,81,pair_001_n5_001_conflict,conflict,1,0,0,12.450000000000001,0.20612666666666665,837950,2766850,27135,303,1254088,0,0,0,0.0,722,722,0,0,69,653,0,722,29
611,56410,85,pair_005_n5_005_control,control,1,0,0,12.410000000000002,0.20598499999999997,838460,2771780,27173,304,1256017,0,0,0,0.0,722,722,0,0,69,653,0,722,29
612,56496,86,pair_013_n3_013_control,control,1,0,0,12.400000000000002,0.20584166666666665,838976,2776768,27196,304,1257930,0,0,0,0.0,723,723,0,0,69,654,0,723,29
613,56589,93,pair_012_n5_012_conflict,conflict,1,0,0,12.330000000000002,0.20568666666666666,839534,2782162,27234,304,1259939,0,0,0,0.0,723,723,0,0,69,654,0,723,29
614,56666,77,pair_000_n3_000_conflict,conflict,1,0,0,12.490000000000002,0.20555833333333334,839996,2786628,27265,305,1261594,0,0,0,0.0,725,725,0,0,69,656,0,725,29
615,56743,77,pair_014_n3_014_conflict,conflict,1,0,0,12.490000000000002,0.20543,840458,2791094,27298,305,1263279,0,0,0,0.0,725,725,0,0,69,656,0,725,29
616,56825,82,pair_006_n3_006_control,control,1,0,0,12.440000000000001,0.20529333333333333,840950,2795850,27326,305,1265016,0,0,0,0.0,725,725,0,0,69,656,0,725,29
617,56907,82,pair_008_n3_008_control,control,1,0,0,12.440000000000001,0.20515666666666665,841442,2800606,27338,305,1266712,0,0,0,0.0,725,725,0,0,69,656,0,725,29
618,56990,83,pair_014_n5_014_control,control,1,0,0,12.430000000000001,0.2050183333333333,841940,2805420,27368,305,1268468,0,0,0,0.0,725,725,0,0,69,656,0,725,29
619,57069,79,pair_017_n5_017_control,control,1,0,0,12.470000000000002,0.20488666666666666,842414,2810002,27402,305,1270190,0,0,0,0.0,725,725,0,0,69,656,0,725,29
620,57162,93,pair_015_n3_015_control,control,1,0,0,12.330000000000002,0.20473166666666665,842972,2815396,27430,305,1272146,0,0,0,0.0,725,725,0,0,69,656,0,725,29
621,57235,73,pair_004_n3_004_control,control,1,0,0,12.530000000000001,0.20461,843410,2819630,27456,305,1273708,0,0,0,0.0,725,725,0,0,69,656,0,725,29
622,57322,87,pair_013_n3_013_conflict,conflict,1,0,0,12.39,0.204465,843932,2824676,27479,305,1275526,0,0,0,0.0,725,725,0,0,69,656,0,725,29
623,57398,76,pair_006_n5_006_control,control,1,0,0,12.500000000000002,0.20433833333333332,844388,2829084,27512,305,1277086,0,0,0,0.0,726,726,0,0,70,656,0,726,29
624,57476,78,pair_002_n3_002_conflict,conflict,1,0,0,12.480000000000002,0.20420833333333333,844856,2833608,27535,306,1278756,0,0,0,0.0,728,728,0,0,70,658,0,728,29
625,57560,84,pair_014_n5_014_conflict,conflict,1,0,0,12.420000000000002,0.20406833333333332,845360,2838480,27597,307,1280577,0,0,0,0.0,729,729,0,0,70,659,0,729,29
626,57665,105,pair_008_n5_008_conflict,conflict,1,0,0,12.21,0.20389333333333332,845990,2844570,27680,311,1282859,0,0,0,0.0,734,734,0,0,71,663,0,734,29
627,57759,94,pair_008_n5_008_control,control,1,0,0,12.320000000000002,0.20373666666666665,846554,2850022,27726,314,1284911,0,0,0,0.0,738,738,0,0,73,665,0,738,29
628,57840,81,pair_016_n5_016_control,control,1,0,0,12.450000000000001,0.20360166666666665,847040,2854720,27776,315,1286665,0,0,0,0.0,740,740,0,0,74,666,0,740,29
629,57931,91,pair_011_n5_011_control,control,1,0,0,12.350000000000001,0.20345,847586,2859998,27810,315,1288615,0,0,0,0.0,742,742,0,0,74,668,0,742,29
630,58010,79,pair_003_n5_003_control,control,1,0,0,12.470000000000002,0.20331833333333332,848060,2864580,27837,315,1290302,0,0,0,0.0,743,743,0,0,74,669,0,743,30
631,58099,89,pair_004_n5_004_control,control,1,0,0,12.370000000000001,0.20317,848594,2869742,27881,316,1292206,0,0,0,0.0,745,745,0,0,74,671,0,745,30
632,58180,81,pair_001_n5_001_control,control,1,0,0,12.450000000000003,0.203035,849080,2874440,27917,316,1293958,0,0,0,0.0,745,745,0,0,74,671,0,745,30
633,58264,84,pair_012_n5_012_control,control,1,0,0,12.420000000000002,0.202895,849584,2879312,27971,316,1295741,0,0,0,0.0,746,746,0,0,75,671,0,746,30
634,58361,97,pair_003_n3_003_conflict,conflict,1,0,0,12.290000000000001,0.20273333333333332,850166,2884938,28006,316,1297862,0,0,0,0.0,746,746,0,0,75,671,0,746,30
635,58446,85,pair_015_n5_015_conflict,conflict,1,0,0,12.410000000000002,0.20259166666666667,850676,2889868,28029,316,1299614,0,0,0,0.0,746,746,0,0,75,671,0,746,30
636,58527,81,pair_013_n5_013_control,control,1,0,0,12.450000000000001,0.20245666666666667,851162,2894566,28085,316,1301299,0,0,0,0.0,747,747,0,0,76,671,0,747,30
637,58616,89,pair_009_n5_009_control,control,1,0,0,12.370000000000001,0.2023083333333333,851696,2899728,28156,316,1303199,0,0,0,0.0,748,748,0,0,77,671,0,748,30
638,58704,88,pair_007_n3_007_conflict,conflict,1,0,0,12.38,0.20216166666666666,852224,2904832,28195,316,1305105,0,0,0,0.0,748,748,0,0,77,671,0,748,30
639,58785,81,pair_005_n5_005_conflict,conflict,1,0,0,12.450000000000001,0.20202666666666666,852710,2909530,28228,316,1306754,0,0,0,0.0,748,748,0,0,77,671,0,748,30
640,58867,82,pair_005_n3_005_conflict,conflict,1,0,0,12.440000000000001,0.20189,853202,2914286,28268,316,1308481,0,0,0,0.0,749,749,0,0,78,671,0,749,30
641,58951,84,pair_016_n3_016_control,control,1,0,0,12.420000000000002,0.20174999999999998,853706,2919158,28310,316,1310313,0,0,0,0.0,751,751,0,0,80,671,0,751,30
642,59029,78,pair_003_n5_003_conflict,conflict,1,0,0,12.480000000000002,0.20162,854174,2923682,28341,316,1311999,0,0,0,0.0,751,751,0,0,80,671,0,751,30
643,59116,87,pair_013_n5_013_conflict,conflict,1,0,0,12.39,0.201475,854696,2928728,28408,316,1313883,0,0,0,0.0,754,754,0,0,81,673,0,754,30
644,59200,84,pair_003_n3_003_control,control,1,0,0,12.420000000000002,0.201335,855200,2933600,28422,317,1315690,0,0,0,0.0,755,755,0,0,81,674,0,755,30
645,59300,100,pair_010_n3_010_control,control,1,0,0,12.260000000000002,0.20116833333333334,855800,2939400,28456,317,1317760,0,0,0,0.0,756,756,0,0,81,675,0,756,30
646,59390,90,pair_006_n5_006_conflict,conflict,1,0,0,12.360000000000001,0.20101833333333333,856340,2944620,28492,318,1319712,0,0,0,0.0,758,758,0,0,82,676,0,758,30
647,59469,79,pair_017_n3_017_control,control,1,0,0,12.470000000000002,0.20088666666666666,856814,2949202,28533,318,1321410,0,0,0,0.0,759,759,0,0,83,676,0,759,30
648,59550,81,pair_003_n5_003_conflict,conflict,1,0,0,12.450000000000003,0.20075166666666666,857300,2953900,28589,319,1323159,0,0,0,0.0,760,760,0,0,83,677,0,760,30
649,59648,98,pair_012_n3_012_control,control,1,0,0,12.280000000000001,0.2005883333333333,857888,2959584,28628,319,1325314,0,0,0,0.0,764,764,0,0,84,680,0,764,30
650,59730,82,pair_012_n5_012_control,control,1,0,0,12.440000000000001,0.20045166666666664,858380,2964340,28670,320,1327086,0,0,0,0.0,766,766,0,0,86,680,0,766,30
651,59809,79,pair_006_n5_006_conflict,conflict,1,0,0,12.470000000000002,0.20032,858854,2968922,28698,320,1328814,0,0,0,0.0,768,768,0,0,87,681,0,768,30
652,59894,85,pair_002_n3_002_conflict,conflict,1,0,0,12.410000000000002,0.20017833333333332,859364,2973852,28733,320,1330743,0,0,0,0.0,770,770,0,0,88,682,0,770,30
653,59973,79,pair_008_n3_008_control,control,1,0,0,12.470000000000002,0.20004666666666665,859838,2978434,28746,320,1332542,0,0,0,0.0,771,771,0,0,88,683,0,771,30
654,60055,82,pair_013_n5_013_conflict,conflict,1,0,0,12.440000000000001,0.19990999999999998,860330,2983190,28781,320,1334403,0,0,0,0.0,772,772,0,0,88,684,0,772,30
655,60151,96,pair_006_n5_006_control,control,1,0,0,12.3,0.19974999999999998,860906,2988758,28844,327,1336542,0,0,0,0.0,781,781,0,0,89,692,0,781,30
656,60221,70,pair_007_n3_007_control,control,1,0,0,12.560000000000002,0.19963333333333333,861326,2992818,28874,327,1338139,0,0,0,0.0,781,781,0,0,89,692,0,781,30
657,60317,96,pair_011_n5_011_control,control,1,0,0,12.3,0.19947333333333334,861902,2998386,28907,327,1340321,0,0,0,0.0,781,781,0,0,89,692,0,781,30
658,60394,77,pair_008_n3_008_conflict,conflict,1,0,0,12.490000000000002,0.199345,862364,3002852,28923,327,1342080,0,0,0,0.0,781,781,0,0,89,692,0,781,30
659,60469,75,pair_005_n3_005_conflict,conflict,1,0,0,12.510000000000002,0.19922,862814,3007202,28963,328,1343744,0,0,0,0.0,783,783,0,0,90,693,0,783,30
660,60550,81,pair_008_n5_008_control,control,1,0,0,12.450000000000001,0.19908499999999998,863300,3011900,28985,328,1345533,0,0,0,0.0,783,783,0,0,90,693,0,783,30
661,60629,79,pair_005_n5_005_control,control,1,0,0,12.470000000000002,0.19895333333333332,863774,3016482,29024,328,1347269,0,0,0,0.0,785,785,0,0,90,695,0,785,30
662,60707,78,pair_014_n3_014_conflict,conflict,1,0,0,12.48,0.19882333333333332,864242,3021006,29052,328,1349064,0,0,0,0.0,785,785,0,0,90,695,0,785,30
663,60791,84,pair_015_n5_015_control,control,1,0,0,12.420000000000002,0.19868333333333332,864746,3025878,29075,328,1351009,0,0,0,0.0,785,785,0,0,90,695,0,785,30
664,60875,84,pair_000_n5_000_control,control,1,0,0,12.420000000000002,0.19854333333333332,865250,3030750,29124,328,1352929,0,0,0,0.0,785,785,0,0,90,695,0,785,30
665,60963,88,pair_011_n5_011_conflict,conflict,1,0,0,12.38,0.19839666666666667,865778,3035854,29158,328,1354929,0,0,0,0.0,787,787,0,0,90,697,0,787,30
666,61044,81,pair_016_n3_016_conflict,conflict,1,0,0,12.450000000000001,0.19826166666666667,866264,3040552,29196,328,1356781,0,0,0,0.0,787,787,0,0,90,697,0,787,30
667,61134,90,pair_009_n3_009_conflict,conflict,1,0,0,12.360000000000001,0.19811166666666666,866804,3045772,29249,328,1358869,0,0,0,0.0,789,789,0,0,90,699,0,789,30
668,61213,79,pair_001_n3_001_control,control,1,0,0,12.470000000000002,0.19798,867278,3050354,29260,328,1360650,0,0,0,0.0,789,789,0,0,90,699,0,789,30
669,61299,86,pair_016_n5_016_control,control,1,0,0,12.400000000000002,0.19783666666666666,867794,3055342,29309,328,1362643,0,0,0,0.0,791,791,0,0,91,700,0,791,30
670,61382,83,pair_015_n3_015_control,control,1,0,0,12.430000000000001,0.1976983333333333,868292,3060156,29368,328,1364536,0,0,0,0.0,791,791,0,0,91,700,0,791,30
671,61472,90,pair_013_n5_013_control,control,1,0,0,12.360000000000001,0.19754833333333333,868832,3065376,29433,329,1366641,0,0,0,0.0,793,793,0,0,91,702,0,793,30
672,61550,78,pair_009_n3_009_control,control,1,0,0,12.480000000000002,0.1974183333333333,869300,3069900,29470,330,1368471,0,0,0,0.0,793,793,0,0,91,702,0,793,30
673,61640,90,pair_001_n3_001_conflict,conflict,1,0,0,12.360000000000001,0.19726833333333332,869840,3075120,29497,331,1370678,0,0,0,0.0,795,795,0,0,92,703,0,795,30
674,61725,85,pair_005_n5_005_conflict,conflict,1,0,0,12.410000000000002,0.19712666666666667,870350,3080050,29536,331,1372734,0,0,0,0.0,798,798,0,0,92,706,0,798,30
675,61808,83,pair_015_n5_015_conflict,conflict,1,0,0,12.430000000000001,0.19698833333333332,870848,3084864,29578,331,1374736,0,0,0,0.0,799,799,0,0,93,706,0,799,30
676,61891,83,pair_001_n5_001_control,control,1,0,0,12.430000000000001,0.19684999999999997,871346,3089678,29627,332,1376683,0,0,0,0.0,803,803,0,0,93,710,0,803,30
677,61980,89,pair_001_n5_001_conflict,conflict,1,0,0,12.370000000000003,0.19670166666666666,871880,3094840,29656,332,1378733,0,0,0,0.0,805,805,0,0,93,712,0,805,30
678,62062,82,pair_010_n3_010_conflict,conflict,1,0,0,12.440000000000001,0.196565,872372,3099596,29687,332,1380700,0,0,0,0.0,806,806,0,0,93,713,0,806,30
679,62152,90,pair_004_n3_004_conflict,conflict,1,0,0,12.360000000000001,0.196415,872912,3104816,29730,332,1382872,0,0,0,0.0,807,807,0,0,93,714,0,807,30
680,62232,80,pair_000_n5_000_conflict,conflict,1,0,0,12.46,0.19628166666666666,873392,3109456,29776,333,1384775,0,0,0,0.0,811,811,0,0,94,717,0,811,30
681,62325,93,pair_012_n3_012_conflict,conflict,1,0,0,12.330000000000002,0.19612666666666667,873950,3114850,29827,336,1387032,0,0,0,0.0,813,813,0,0,94,719,0,813,30
682,62402,77,pair_004_n3_004_control,control,1,0,0,12.490000000000002,0.19599833333333333,874412,3119316,29862,336,1388898,0,0,0,0.0,813,813,0,0,94,719,0,813,30
683,62496,94,pair_000_n3_000_control,control,1,0,0,12.32,0.19584166666666664,874976,3124768,29898,337,1391149,0,0,0,0.0,814,814,0,0,94,720,0,814,30
684,62576,80,pair_016_n5_016_conflict,conflict,1,0,0,12.46,0.19570833333333332,875456,3129408,29963,337,1393091,0,0,0,0.0,819,819,0,0,94,725,0,819,30
685,62675,99,pair_006_n3_006_control,control,1,0,0,12.270000000000001,0.19554333333333332,876050,3135150,30013,339,1395554,0,0,0,0.0,822,822,0,0,95,727,0,822,30
686,62759,84,pair_014_n5_014_control,control,1,0,0,12.420000000000002,0.19540333333333332,876554,3140022,30064,344,1397543,0,0,0,0.0,826,826,0,0,95,731,0,826,30
687,62850,91,pair_003_n3_003_conflict,conflict,1,0,0,12.350000000000001,0.19525166666666666,877100,3145300,30084,344,1399823,0,0,0,0.0,826,826,0,0,95,731,0,826,30
688,62943,93,pair_008_n5_008_conflict,conflict,1,0,0,12.330000000000002,0.19509666666666664,877658,3150694,30111,345,1402176,0,0,0,0.0,827,827,0,0,95,732,0,827,30
689,63024,81,pair_016_n3_016_control,control,1,0,0,12.450000000000001,0.19496166666666664,878144,3155392,30144,345,1404247,0,0,0,0.0,827,827,0,0,95,732,0,827,30
690,63106,82,pair_013_n3_013_conflict,conflict,1,0,0,12.440000000000001,0.19482499999999997,878636,3160148,30169,345,1406248,0,0,0,0.0,827,827,0,0,95,732,0,827,30
691,63179,73,pair_004_n5_004_control,control,1,0,0,12.530000000000001,0.19470333333333334,879074,3164382,30195,345,1408014,0,0,0,0.0,828,828,0,0,95,733,0,828,30
692,63265,86,pair_015_n3_015_conflict,conflict,1,0,0,12.400000000000002,0.19455999999999998,879590,3169370,30221,345,1410131,0,0,0,0.0,828,828,0,0,95,733,0,828,30
693,63343,78,pair_009_n5_009_conflict,conflict,1,0,0,12.48,0.19443,880058,3173894,30291,346,1412033,0,0,0,0.0,830,830,0,0,96,734,0,830,30
694,63422,79,pair_002_n5_002_control,control,1,0,0,12.470000000000002,0.19429833333333332,880532,3178476,30329,346,1413989,0,0,0,0.0,832,832,0,0,96,736,0,832,30
695,63506,84,pair_006_n3_006_conflict,conflict,1,0,0,12.420000000000002,0.19415833333333332,881036,3183348,30371,348,1416025,0,0,0,0.0,833,833,0,0,96,737,0,833,30
696,63595,89,pair_017_n5_017_conflict,conflict,1,0,0,12.370000000000001,0.19401,881570,3188510,30408,348,1418252,0,0,0,0.0,833,833,0,0,96,737,0,833,30
697,63673,78,pair_007_n3_007_conflict,conflict,1,0,0,12.480000000000002,0.19388,882038,3193034,30441,350,1420204,0,0,0,0.0,835,835,0,0,96,739,0,835,30
698,63756,83,pair_011_n3_011_conflict,conflict,1,0,0,12.430000000000001,0.19374166666666665,882536,3197848,30454,350,1422319,0,0,0,0.0,835,835,0,0,96,739,0,835,30
699,63834,78,pair_010_n5_010_conflict,conflict,1,0,0,12.48,0.19361166666666665,883004,3202372,30464,350,1424188,0,0,0,0.0,836,836,0,0,96,740,0,836,30
700,63909,75,pair_014_n3_014_control,control,1,0,0,12.510000000000002,0.19348666666666664,883454,3206722,30491,350,1426060,0,0,0,0.0,836,836,0,0,96,740,0,836,30
701,63993,84,pair_005_n3_005_control,control,1,0,0,12.420000000000002,0.19334666666666667,883958,3211594,30528,350,1428212,0,0,0,0.0,836,836,0,0,96,740,0,836,30
702,64085,92,pair_017_n3_017_control,control,1,0,0,12.340000000000002,0.19319333333333333,884510,3216930,30567,350,1430550,0,0,0,0.0,836,836,0,0,96,740,0,836,30
703,64179,94,pair_007_n5_007_conflict,conflict,1,0,0,12.320000000000002,0.19303666666666666,885074,3222382,30619,352,1432848,0,0,0,0.0,838,838,0,0,96,742,0,838,30
704,64264,85,pair_017_n5_017_control,control,1,0,0,12.410000000000002,0.19289499999999998,885584,3227312,30668,352,1434986,0,0,0,0.0,838,838,0,0,96,742,0,838,30
705,64351,87,pair_004_n5_004_conflict,conflict,1,0,0,12.39,0.19274999999999998,886106,3232358,30729,354,1437119,0,0,0,0.0,840,840,0,0,97,743,0,840,30
706,64448,97,pair_011_n3_011_control,control,1,0,0,12.290000000000003,0.1925883333333333,886688,3237984,30748,356,1439616,0,0,0,0.0,842,842,0,0,99,743,0,842,30
707,64544,96,pair_009_n5_009_control,control,1,0,0,12.3,0.1924283333333333,887264,3243552,30788,359,1442077,0,0,0,0.0,846,846,0,0,100,746,0,846,30
708,64635,91,pair_002_n3_002_control,control,1,0,0,12.350000000000001,0.19227666666666665,887810,3248830,30822,360,1444395,0,0,0,0.0,847,847,0,0,100,747,0,847,30
709,64717,82,pair_013_n3_013_control,control,1,0,0,12.440000000000001,0.19213999999999998,888302,3253586,30886,362,1446445,0,0,0,0.0,850,850,0,0,101,749,0,850,30
710,64805,88,pair_003_n5_003_control,control,1,0,0,12.380000000000003,0.19199333333333332,888830,3258690,30956,364,1448723,0,0,0,0.0,854,854,0,0,101,753,0,854,30
711,64883,78,pair_017_n3_017_conflict,conflict,1,0,0,12.48,0.19186333333333333,889298,3263214,31005,365,1450728,0,0,0,0.0,856,856,0,0,102,754,0,856,30
712,64967,84,pair_010_n3_010_control,control,1,0,0,12.420000000000002,0.19172333333333333,889802,3268086,31028,365,1452882,0,0,0,0.0,856,856,0,0,102,754,0,856,30
713,65056,89,pair_000_n3_000_conflict,conflict,1,0,0,12.370000000000001,0.191575,890336,3273248,31077,366,1455197,0,0,0,0.0,858,858,0,0,102,756,0,858,30
714,65150,94,pair_002_n5_002_conflict,conflict,1,0,0,12.320000000000002,0.1914183333333333,890900,3278700,31131,366,1457670,0,0,0,0.0,860,860,0,0,102,758,0,860,30
715,65222,72,pair_003_n3_003_control,control,1,0,0,12.540000000000001,0.19129833333333332,891332,3282876,31152,367,1459553,0,0,0,0.0,861,861,0,0,102,759,0,861,30
716,65306,84,pair_010_n5_010_control,control,1,0,0,12.420000000000002,0.19115833333333332,891836,3287748,31181,369,1461741,0,0,0,0.0,865,865,0,0,102,763,0,865,30
717,65410,104,pair_007_n5_007_control,control,1,0,0,12.220000000000002,0.190985,892460,3293780,31245,371,1464423,0,0,0,0.0,870,870,0,0,102,768,0,870,30
718,65497,87,pair_012_n5_012_conflict,conflict,1,0,0,12.39,0.19084,892982,3298826,31274,373,1466772,0,0,0,0.0,872,872,0,0,102,770,0,872,30
719,65577,80,pair_014_n5_014_conflict,conflict,1,0,0,12.46,0.19070666666666664,893462,3303466,31308,373,1468865,0,0,0,0.0,873,873,0,0,103,770,0,873,30
720,65661,84,pair_012_n3_012_control,control,1,0,0,12.420000000000002,0.19056666666666666,893966,3308338,31341,374,1471085,0,0,0,0.0,874,874,0,0,103,771,0,874,30
721,65739,78,pair_015_n5_015_control,control,1,0,0,12.480000000000002,0.19043666666666664,894434,3312862,31371,374,1473156,0,0,0,0.0,874,874,0,0,103,771,0,874,30
722,65815,76,pair_011_n5_011_conflict,conflict,1,0,0,12.500000000000002,0.19030999999999998,894890,3317270,31396,374,1475143,0,0,0,0.0,874,874,0,0,103,771,0,874,30
723,65909,94,pair_013_n3_013_conflict,conflict,1,0,0,12.32,0.19015333333333334,895454,3322722,31449,375,1477662,0,0,0,0.0,875,875,0,0,103,772,0,875,30
724,65993,84,pair_001_n3_001_control,control,1,0,0,12.420000000000002,0.1900133333333333,895958,3327594,31461,376,1479880,0,0,0,0.0,876,876,0,0,103,773,0,876,30
725,66074,81,pair_000_n5_000_conflict,conflict,1,0,0,12.450000000000001,0.18987833333333332,896444,3332292,31520,377,1481961,0,0,0,0.0,879,879,0,0,103,776,0,879,30
726,66155,81,pair_009_n3_009_conflict,conflict,1,0,0,12.450000000000001,0.18974333333333332,896930,3336990,31556,377,1484134,0,0,0,0.0,880,880,0,0,103,777,0,880,30
727,66234,79,pair_006_n3_006_conflict,conflict,1,0,0,12.470000000000002,0.18961166666666665,897404,3341572,31606,377,1486246,0,0,0,0.0,880,880,0,0,103,777,0,880,30
728,66322,88,pair_008_n5_008_control,control,1,0,0,12.380000000000003,0.189465,897932,3346676,31673,380,1488596,0,0,0,0.0,886,886,0,0,103,783,0,886,30
729,66405,83,pair_015_n3_015_control,control,1,0,0,12.430000000000001,0.18932666666666664,898430,3351490,31732,381,1490807,0,0,0,0.0,887,887,0,0,103,784,0,887,30
730,66497,92,pair_015_n5_015_conflict,conflict,1,0,0,12.340000000000002,0.1891733333333333,898982,3356826,31783,381,1493270,0,0,0,0.0,889,889,0,0,104,785,0,889,30
731,66582,85,pair_007_n3_007_conflict,conflict,1,0,0,12.410000000000002,0.18903166666666665,899492,3361756,31813,383,1495555,0,0,0,0.0,894,894,0,0,106,788,0,894,30
732,66669,87,pair_007_n5_007_conflict,conflict,1,0,0,12.39,0.18888666666666665,900014,3366802,31874,385,1497955,0,0,0,0.0,896,896,0,0,108,788,0,896,30
733,66747,78,pair_002_n3_002_control,control,1,0,0,12.48,0.18875666666666666,900482,3371326,31909,386,1500025,0,0,0,0.0,896,896,0,0,108,788,0,896,30
734,66838,91,pair_001_n5_001_control,control,1,0,0,12.350000000000001,0.188605,901028,3376604,31951,386,1502451,0,0,0,0.0,899,899,0,0,108,791,0,899,30
735,66911,73,pair_013_n5_013_control,control,1,0,0,12.530000000000001,0.18848333333333334,901466,3380838,32009,386,1504425,0,0,0,0.0,900,900,0,0,109,791,0,900,30
736,66999,88,pair_003_n3_003_control,control,1,0,0,12.380000000000003,0.18833666666666665,901994,3385942,32044,388,1506811,0,0,0,0.0,903,903,0,0,110,793,0,903,30
737,67090,91,pair_004_n3_004_control,control,1,0,0,12.350000000000001,0.188185,902540,3391220,32071,388,1509248,0,0,0,0.0,903,903,0,0,110,793,0,903,30
738,67186,96,pair_005_n5_005_control,control,1,0,0,12.3,0.188025,903116,3396788,32137,390,1511846,0,0,0,0.0,905,905,0,0,110,795,0,905,30
739,67262,76,pair_005_n5_005_conflict,conflict,1,0,0,12.500000000000002,0.18789833333333333,903572,3401196,32181,390,1513954,0,0,0,0.0,906,906,0,0,110,796,0,906,30
740,67349,87,pair_015_n3_015_conflict,conflict,1,0,0,12.39,0.18775333333333333,904094,3406242,32218,390,1516249,0,0,0,0.0,906,906,0,0,110,796,0,906,30
741,67434,85,pair_004_n5_004_control,control,1,0,0,12.410000000000002,0.18761166666666665,904604,3411172,32274,390,1518575,0,0,0,0.0,908,908,0,0,110,798,0,908,30
742,67518,84,pair_011_n3_011_control,control,1,0,0,12.420000000000002,0.18747166666666665,905108,3416044,32314,390,1520901,0,0,0,0.0,908,908,0,0,110,798,0,908,30
743,67609,91,pair_004_n3_004_conflict,conflict,1,0,0,12.350000000000001,0.18732,905654,3421322,32347,390,1523343,0,0,0,0.0,909,909,0,0,110,799,0,909,30
744,67695,86,pair_008_n3_008_conflict,conflict,1,0,0,12.400000000000002,0.18717666666666666,906170,3426310,32362,391,1525700,0,0,0,0.0,910,910,0,0,110,800,0,910,30
745,67773,78,pair_009_n5_009_control,control,1,0,0,12.480000000000002,0.18704666666666664,906638,3430834,32438,393,1527815,0,0,0,0.0,914,914,0,0,111,803,0,914,30
746,67864,91,pair_002_n3_002_conflict,conflict,1,0,0,12.350000000000001,0.18689499999999998,907184,3436112,32474,394,1530285,0,0,0,0.0,916,916,0,0,112,804,0,916,30
747,67951,87,pair_004_n5_004_conflict,conflict,1,0,0,12.39,0.18674999999999997,907706,3441158,32527,397,1532627,0,0,0,0.0,921,921,0,0,112,809,0,921,30
748,68052,101,pair_016_n3_016_control,control,1,0,0,12.250000000000002,0.18658166666666665,908312,3447016,32566,397,1535318,0,0,0,0.0,923,923,0,0,113,810,0,923,30
749,68136,84,pair_003_n3_003_conflict,conflict,1,0,0,12.420000000000002,0.18644166666666667,908816,3451888,32617,397,1537605,0,0,0,0.0,925,925,0,0,113,812,0,925,30
750,68226,90,pair_012_n5_012_control,control,1,0,0,12.360000000000001,0.18629166666666666,909356,3457108,32665,398,1540055,0,0,0,0.0,927,927,0,0,113,814,0,927,30
751,68313,87,pair_014_n5_014_conflict,conflict,1,0,0,12.390000000000002,0.18614666666666665,909878,3462154,32707,398,1542432,0,0,0,0.0,928,928,0,0,113,815,0,928,30
752,68392,79,pair_000_n3_000_conflict,conflict,1,0,0,12.470000000000002,0.18601499999999999,910352,3466736,32747,398,1544609,0,0,0,0.0,928,928,0,0,113,815,0,928,30
753,68494,102,pair_011_n5_011_control,control,1,0,0,12.240000000000002,0.18584499999999998,910964,3472652,32805,400,1547363,0,0,0,0.0,932,932,0,0,114,818,0,932,30
754,68569,75,pair_008_n3_008_control,control,1,0,0,12.510000000000002,0.18572,911414,3477002,32818,400,1549414,0,0,0,0.0,932,932,0,0,114,818,0,932,30
755,68663,94,pair_002_n5_002_conflict,conflict,1,0,0,12.320000000000002,0.1855633333333333,911978,3482454,32855,400,1551948,0,0,0,0.0,934,934,0,0,115,819,0,934,30
756,68751,88,pair_014_n5_014_control,control,1,0,0,12.380000000000003,0.18541666666666667,912506,3487558,32895,400,1554374,0,0,0,0.0,935,935,0,0,115,820,0,935,30
757,68836,85,pair_001_n5_001_conflict,conflict,1,0,0,12.410000000000002,0.185275,913016,3492488,32928,400,1556684,0,0,0,0.0,938,938,0,0,115,823,0,938,30
758,68926,90,pair_017_n5_017_conflict,conflict,1,0,0,12.360000000000001,0.18512499999999998,913556,3497708,32971,400,1559187,0,0,0,0.0,939,939,0,0,116,823,0,939,30
759,69011,85,pair_012_n5_012_conflict,conflict,1,0,0,12.410000000000002,0.18498333333333333,914066,3502638,33003,401,1561493,0,0,0,0.0,941,941,0,0,116,825,0,941,30
760,69103,92,pair_011_n3_011_conflict,conflict,1,0,0,12.340000000000002,0.18483,914618,3507974,33023,402,1563991,0,0,0,0.0,944,944,0,0,116,828,0,944,30
761,69188,85,pair_016_n5_016_conflict,conflict,1,0,0,12.41,0.18468833333333332,915128,3512904,33061,402,1566257,0,0,0,0.0,944,944,0,0,116,828,0,944,30
762,69282,94,pair_009_n3_009_control,control,1,0,0,12.320000000000002,0.18453166666666665,915692,3518356,33104,402,1568889,0,0,0,0.0,944,944,0,0,116,828,0,944,30
763,69358,76,pair_014_n3_014_conflict,conflict,1,0,0,12.500000000000002,0.18440499999999999,916148,3522764,33138,402,1571054,0,0,0,0.0,945,945,0,0,116,829,0,945,30
764,69448,90,pair_017_n3_017_control,control,1,0,0,12.360000000000001,0.184255,916688,3527984,33192,402,1573523,0,0,0,0.0,946,946,0,0,117,829,0,946,30
765,69531,83,pair_013_n3_013_control,control,1,0,0,12.430000000000001,0.18411666666666665,917186,3532798,33216,402,1575790,0,0,0,0.0,947,947,0,0,117,830,0,947,30
766,69610,79,pair_010_n3_010_conflict,conflict,1,0,0,12.470000000000002,0.183985,917660,3537380,33240,402,1577881,0,0,0,0.0,947,947,0,0,117,830,0,947,30
767,69690,80,pair_003_n5_003_control,control,1,0,0,12.46,0.18385166666666664,918140,3542020,33289,402,1580103,0,0,0,0.0,947,947,0,0,117,830,0,947,30
768,69782,92,pair_007_n5_007_control,control,1,0,0,12.340000000000002,0.18369833333333332,918692,3547356,33344,402,1582602,0,0,0,0.0,948,948,0,0,118,830,0,948,30
769,69860,78,pair_010_n3_010_control,control,1,0,0,12.480000000000002,0.18356833333333333,919160,3551880,33359,403,1584719,0,0,0,0.0,951,951,0,0,118,833,0,951,30
770,69938,78,pair_012_n3_012_conflict,conflict,1,0,0,12.48,0.18343833333333331,919628,3556404,33393,403,1586900,0,0,0,0.0,951,951,0,0,118,833,0,951,30
771,70022,84,pair_000_n5_000_control,control,1,0,0,12.420000000000002,0.18329833333333334,920132,3561276,33441,403,1589244,0,0,0,0.0,951,951,0,0,118,833,0,951,30
772,70100,78,pair_014_n3_014_control,control,1,0,0,12.48,0.18316833333333332,920600,3565800,33487,403,1591364,0,0,0,0.0,951,951,0,0,118,833,0,951,30
773,70183,83,pair_006_n5_006_conflict,conflict,1,0,0,12.430000000000001,0.18302999999999997,921098,3570614,33551,403,1593650,0,0,0,0.0,951,951,0,0,118,833,0,951,30
774,70267,84,pair_017_n3_017_conflict,conflict,1,0,0,12.420000000000002,0.18289,921602,3575486,33602,403,1595920,0,0,0,0.0,953,953,0,0,119,834,0,953,30
775,70345,78,pair_006_n5_006_control,control,1,0,0,12.48,0.18275999999999998,922070,3580010,33634,403,1598080,0,0,0,0.0,956,956,0,0,120,836,0,956,30
776,70433,88,pair_000_n3_000_control,control,1,0,0,12.380000000000003,0.18261333333333332,922598,3585114,33675,403,1600521,0,0,0,0.0,956,956,0,0,120,836,0,956,30
777,70514,81,pair_007_n3_007_control,control,1,0,0,12.450000000000001,0.18247833333333333,923084,3589812,33725,403,1602701,0,0,0,0.0,957,957,0,0,121,836,0,957,30
778,70586,72,pair_009_n5_009_conflict,conflict,1,0,0,12.540000000000001,0.18235833333333332,923516,3593988,33757,403,1604639,0,0,0,0.0,959,959,0,0,122,837,0,959,30
779,70683,97,pair_013_n5_013_conflict,conflict,1,0,0,12.290000000000001,0.18219666666666667,924098,3599614,33807,403,1607359,0,0,0,0.0,960,960,0,0,123,837,0,960,30
780,70773,90,pair_005_n3_005_conflict,conflict,1,0,0,12.360000000000003,0.18204666666666666,924638,3604834,33847,408,1609879,0,0,0,0.0,964,964,0,0,123,841,0,964,30
781,70855,82,pair_001_n3_001_conflict,conflict,1,0,0,12.440000000000001,0.18191,925130,3609590,33889,408,1612215,0,0,0,0.0,964,964,0,0,123,841,0,964,30
782,70927,72,pair_017_n5_017_control,control,1,0,0,12.540000000000001,0.18179,925562,3613766,33941,408,1614211,0,0,0,0.0,964,964,0,0,123,841,0,964,30
783,71009,82,pair_016_n3_016_conflict,conflict,1,0,0,12.440000000000001,0.18165333333333333,926054,3618522,33981,409,1616525,0,0,0,0.0,966,966,0,0,124,842,0,966,30
784,71078,69,pair_016_n5_016_control,control,1,0,0,12.570000000000002,0.1815383333333333,926468,3622524,34007,409,1618442,0,0,0,0.0,966,966,0,0,124,842,0,966,30
785,71162,84,pair_002_n5_002_control,control,1,0,0,12.420000000000002,0.18139833333333333,926972,3627396,34057,409,1620732,0,0,0,0.0,967,967,0,0,125,842,0,967,30
786,71249,87,pair_008_n5_008_conflict,conflict,1,0,0,12.39,0.18125333333333332,927494,3632442,34086,411,1623157,0,0,0,0.0,969,969,0,0,125,844,0,969,30
787,71351,102,pair_010_n5_010_control,control,1,0,0,12.240000000000002,0.18108333333333332,928106,3638358,34135,412,1626037,0,0,0,0.0,970,970,0,0,125,845,0,970,30
788,71441,90,pair_005_n3_005_control,control,1,0,0,12.360000000000001,0.18093333333333333,928646,3643578,34194,413,1628529,0,0,0,0.0,971,971,0,0,126,845,0,971,30
789,71528,87,pair_010_n5_010_conflict,conflict,1,0,0,12.39,0.18078833333333333,929168,3648624,34209,414,1630891,0,0,0,0.0,973,973,0,0,127,846,0,973,30
790,71613,85,pair_006_n3_006_control,control,1,0,0,12.410000000000002,0.18064666666666665,929678,3653554,34255,414,1633295,0,0,0,0.0,974,974,0,0,127,847,0,974,30
791,71706,93,pair_003_n5_003_conflict,conflict,1,0,0,12.330000000000002,0.18049166666666666,930236,3658948,34302,415,1635905,0,0,0,0.0,975,975,0,0,127,848,0,975,30
792,71778,72,pair_006_n3_006_conflict,conflict,1,0,0,12.540000000000003,0.18037166666666665,930668,3663124,34326,415,1637893,0,0,0,0.0,975,975,0,0,127,848,0,975,30
793,71863,85,pair_011_n5_011_control,control,1,0,0,12.410000000000002,0.18023,931178,3668054,34361,415,1640237,0,0,0,0.0,975,975,0,0,127,848,0,975,30
794,71945,82,pair_001_n3_001_conflict,conflict,1,0,0,12.440000000000001,0.18009333333333333,931670,3672810,34371,415,1642523,0,0,0,0.0,976,976,0,0,127,849,0,976,30
795,72032,87,pair_001_n5_001_conflict,conflict,1,0,0,12.39,0.17994833333333332,932192,3677856,34447,415,1644944,0,0,0,0.0,978,978,0,0,127,851,0,978,30
796,72125,93,pair_015_n3_015_control,control,1,0,0,12.330000000000002,0.1797933333333333,932750,3683250,34474,415,1647527,0,0,0,0.0,978,978,0,0,127,851,0,978,30
797,72207,82,pair_012_n3_012_control,control,1,0,0,12.440000000000001,0.17965666666666666,933242,3688006,34499,415,1649786,0,0,0,0.0,978,978,0,0,127,851,0,978,30
798,72293,86,pair_008_n3_008_control,control,1,0,0,12.400000000000002,0.1795133333333333,933758,3692994,34510,415,1652138,0,0,0,0.0,978,978,0,0,127,851,0,978,30
799,72382,89,pair_000_n3_000_conflict,conflict,1,0,0,12.370000000000003,0.179365,934292,3698156,34560,415,1654629,0,0,0,0.0,979,979,0,0,127,852,0,979,30
800,72470,88,pair_004_n5_004_control,control,1,0,0,12.38,0.1792183333333333,934820,3703260,34590,415,1657118,0,0,0,0.0,980,980,0,0,127,853,0,980,30
801,72557,87,pair_013_n3_013_control,control,1,0,0,12.39,0.1790733333333333,935342,3708306,34648,416,1659527,0,0,0,0.0,981,981,0,0,127,854,0,981,30
802,72643,86,pair_017_n5_017_conflict,conflict,1,0,0,12.400000000000002,0.17892999999999998,935858,3713294,34704,416,1661920,0,0,0,0.0,981,981,0,0,127,854,0,981,30
803,72726,83,pair_010_n5_010_conflict,conflict,1,0,0,12.430000000000001,0.17879166666666665,936356,3718108,34717,416,1664185,0,0,0,0.0,982,982,0,0,127,855,0,982,30
804,72819,93,pair_009_n3_009_conflict,conflict,1,0,0,12.330000000000002,0.17863666666666667,936914,3723502,34751,416,1666727,0,0,0,0.0,982,982,0,0,127,855,0,982,30
805,72911,92,pair_009_n5_009_control,control,1,0,0,12.340000000000002,0.17848333333333333,937466,3728838,34782,416,1669314,0,0,0,0.0,983,983,0,0,127,856,0,983,30
806,72989,78,pair_007_n5_007_conflict,conflict,1,0,0,12.48,0.1783533333333333,937934,3733362,34823,416,1671390,0,0,0,0.0,983,983,0,0,127,856,0,983,30
807,73075,86,pair_005_n5_005_conflict,conflict,1,0,0,12.400000000000002,0.17820999999999998,938450,3738350,34853,416,1673726,0,0,0,0.0,984,984,0,0,127,857,0,984,30
808,73160,85,pair_002_n5_002_control,control,1,0,0,12.410000000000002,0.17806833333333333,938960,3743280,34874,416,1676082,0,0,0,0.0,984,984,0,0,127,857,0,984,30
809,73261,101,pair_002_n5_002_conflict,conflict,1,0,0,12.250000000000002,0.1779,939566,3749138,34904,416,1678795,0,0,0,0.0,985,985,0,0,127,858,0,985,30
810,73339,78,pair_016_n3_016_control,control,1,0,0,12.48,0.17776999999999998,940034,3753662,34934,416,1681006,0,0,0,0.0,985,985,0,0,127,858,0,985,30
811,73412,73,pair_001_n5_001_control,control,1,0,0,12.530000000000001,0.17764833333333332,940472,3757896,34947,416,1682945,0,0,0,0.0,986,986,0,0,127,859,0,986,30
812,73500,88,pair_010_n5_010_control,control,1,0,0,12.38,0.17750166666666667,941000,3763000,34964,416,1685349,0,0,0,0.0,987,987,0,0,127,860,0,987,30
813,73577,77,pair_012_n3_012_conflict,conflict,1,0,0,12.490000000000002,0.17737333333333333,941462,3767466,35001,416,1687384,0,0,0,0.0,988,988,0,0,127,861,0,988,30
814,73650,73,pair_014_n5_014_conflict,conflict,1,0,0,12.530000000000001,0.17725166666666664,941900,3771700,35031,416,1689291,0,0,0,0.0,988,988,0,0,127,861,0,988,30
815,73742,92,pair_014_n3_014_conflict,conflict,1,0,0,12.340000000000002,0.1770983333333333,942452,3777036,35067,416,1691780,0,0,0,0.0,988,988,0,0,127,861,0,988,30
816,73824,82,pair_014_n3_014_control,control,1,0,0,12.440000000000001,0.17696166666666666,942944,3781792,35100,416,1694057,0,0,0,0.0,988,988,0,0,127,861,0,988,30
817,73901,77,pair_000_n3_000_control,control,1,0,0,12.490000000000002,0.17683333333333334,943406,3786258,35128,416,1696115,0,0,0,0.0,989,989,0,0,127,862,0,989,30
818,73985,84,pair_003_n3_003_conflict,conflict,1,0,0,12.420000000000002,0.1766933333333333,943910,3791130,35161,416,1698367,0,0,0,0.0,989,989,0,0,127,862,0,989,30
819,74074,89,pair_015_n3_015_conflict,conflict,1,0,0,12.370000000000001,0.176545,944444,3796292,35197,416,1700752,0,0,0,0.0,989,989,0,0,127,862,0,989,30
820,74161,87,pair_010_n3_010_conflict,conflict,1,0,0,12.39,0.1764,944966,3801338,35208,416,1703031,0,0,0,0.0,990,990,0,0,127,863,0,990,30
821,74241,80,pair_013_n5_013_conflict,conflict,1,0,0,12.46,0.17626666666666665,945446,3805978,35228,416,1705152,0,0,0,0.0,990,990,0,0,127,863,0,990,30
822,74321,80,pair_004_n5_004_conflict,conflict,1,0,0,12.46,0.1761333333333333,945926,3810618,35257,416,1707190,0,0,0,0.0,992,992,0,0,127,865,0,992,30
823,74404,83,pair_000_n5_000_control,control,1,0,0,12.430000000000001,0.17599499999999998,946424,3815432,35296,416,1709367,0,0,0,0.0,993,993,0,0,127,866,0,993,30
824,74482,78,pair_006_n5_006_control,control,1,0,0,12.48,0.175865,946892,3819956,35344,416,1711435,0,0,0,0.0,993,993,0,0,127,866,0,993,30
825,74572,90,pair_007_n3_007_control,control,1,0,0,12.360000000000001,0.17571499999999998,947432,3825176,35379,417,1713794,0,0,0,0.0,995,995,0,0,127,868,0,995,30
826,74656,84,pair_007_n3_007_conflict,conflict,1,0,0,12.420000000000002,0.17557499999999998,947936,3830048,35401,418,1715976,0,0,0,0.0,996,996,0,0,127,869,0,996,30
827,74731,75,pair_016_n3_016_conflict,conflict,1,0,0,12.510000000000002,0.17545,948386,3834398,35428,418,1717950,0,0,0,0.0,996,996,0,0,127,869,0,996,30
828,74821,90,pair_017_n5_017_control,control,1,0,0,12.360000000000001,0.17529999999999998,948926,3839618,35503,418,1720326,0,0,0,0.0,998,998,0,0,127,871,0,998,30
829,74895,74,pair_016_n5_016_control,control,1,0,0,12.520000000000001,0.17517666666666665,949370,3843910,35546,420,1722262,0,0,0,0.0,1002,1002,0,0,128,874,0,1002,30
830,74981,86,pair_005_n3_005_conflict,conflict,1,0,0,12.400000000000002,0.17503333333333332,949886,3848898,35579,420,1724485,0,0,0,0.0,1002,1002,0,0,128,874,0,1002,30
831,75056,75,pair_013_n5_013_control,control,1,0,0,12.510000000000002,0.17490833333333333,950336,3853248,35649,420,1726442,0,0,0,0.0,1002,1002,0,0,128,874,0,1002,30
832,75128,72,pair_009_n3_009_control,control,1,0,0,12.540000000000001,0.17478833333333332,950768,3857424,35676,420,1728332,0,0,0,0.0,1002,1002,0,0,128,874,0,1002,30
833,75202,74,pair_009_n5_009_conflict,conflict,1,0,0,12.520000000000001,0.174665,951212,3861716,35717,420,1730251,0,0,0,0.0,1003,1003,0,0,128,875,0,1003,30
834,75282,80,pair_013_n3_013_conflict,conflict,1,0,0,12.46,0.17453166666666667,951692,3866356,35746,420,1732374,0,0,0,0.0,1004,1004,0,0,129,875,0,1004,30
835,75364,82,pair_000_n5_000_conflict,conflict,1,0,0,12.440000000000001,0.174395,952184,3871112,35805,421,1734524,0,0,0,0.0,1004,1004,0,0,129,875,0,1004,30
836,75445,81,pair_012_n5_012_conflict,conflict,1,0,0,12.450000000000001,0.17426,952670,3875810,35858,422,1736621,0,0,0,0.0,1005,1005,0,0,130,875,0,1005,30
837,75529,84,pair_008_n3_008_conflict,conflict,1,0,0,12.420000000000002,0.17412,953174,3880682,35898,423,1738764,0,0,0,0.0,1007,1007,0,0,130,877,0,1007,30
838,75610,81,pair_003_n5_003_conflict,conflict,1,0,0,12.450000000000001,0.173985,953660,3885380,35929,424,1740881,0,0,0,0.0,1009,1009,0,0,130,879,0,1009,30
839,75689,79,pair_008_n5_008_control,control,1,0,0,12.470000000000002,0.17385333333333333,954134,3889962,35964,424,1742989,0,0,0,0.0,1011,1011,0,0,131,880,0,1011,30
840,75781,92,pair_012_n5_012_control,control,1,0,0,12.340000000000002,0.1737,954686,3895298,36012,426,1745461,0,0,0,0.0,1013,1013,0,0,132,881,0,1013,30
841,75861,80,pair_005_n5_005_control,control,1,0,0,12.46,0.17356666666666665,955166,3899938,36056,427,1747600,0,0,0,0.0,1014,1014,0,0,132,882,0,1014,30
842,75950,89,pair_003_n3_003_control,control,1,0,0,12.370000000000001,0.1734183333333333,955700,3905100,36084,428,1749944,0,0,0,0.0,1015,1015,0,0,132,883,0,1015,30
843,76031,81,pair_003_n5_003_control,control,1,0,0,12.450000000000001,0.17328333333333332,956186,3909798,36132,429,1752039,0,0,0,0.0,1015,1015,0,0,132,883,0,1015,30
844,76121,90,pair_007_n5_007_control,control,1,0,0,12.360000000000001,0.17313333333333333,956726,3915018,36180,429,1754324,0,0,0,0.0,1016,1016,0,0,133,883,0,1016,30
845,76201,80,pair_014_n5_014_control,control,1,0,0,12.46,0.173,957206,3919658,36229,429,1756474,0,0,0,0.0,1018,1018,0,0,134,884,0,1018,30
846,76295,94,pair_008_n5_008_conflict,conflict,1,0,0,12.320000000000002,0.17284333333333332,957770,3925110,36276,429,1758952,0,0,0,0.0,1020,1020,0,0,135,885,0,1020,30
847,76374,79,pair_011_n3_011_conflict,conflict,1,0,0,12.470000000000002,0.17271166666666665,958244,3929692,36292,429,1761046,0,0,0,0.0,1022,1022,0,0,135,887,0,1022,30
848,76458,84,pair_011_n3_011_control,control,1,0,0,12.420000000000002,0.17257166666666665,958748,3934564,36306,430,1763199,0,0,0,0.0,1023,1023,0,0,135,888,0,1023,30
849,76542,84,pair_002_n3_002_control,control,1,0,0,12.420000000000002,0.17243166666666665,959252,3939436,36342,430,1765326,0,0,0,0.0,1027,1027,0,0,136,891,0,1027,30
850,76623,81,pair_001_n3_001_control,control,1,0,0,12.450000000000001,0.17229666666666665,959738,3944134,36368,430,1767357,0,0,0,0.0,1027,1027,0,0,136,891,0,1027,30
851,76706,83,pair_002_n3_002_conflict,conflict,1,0,0,12.430000000000001,0.17215833333333333,960236,3948948,36399,430,1769468,0,0,0,0.0,1029,1029,0,0,137,892,0,1029,30
852,76785,79,pair_017_n3_017_control,control,1,0,0,12.470000000000002,0.17202666666666666,960710,3953530,36440,430,1771462,0,0,0,0.0,1031,1031,0,0,138,893,0,1031,30
853,76868,83,pair_010_n3_010_control,control,1,0,0,12.430000000000001,0.1718883333333333,961208,3958344,36480,430,1773558,0,0,0,0.0,1031,1031,0,0,138,893,0,1031,30
854,76961,93,pair_011_n5_011_conflict,conflict,1,0,0,12.330000000000002,0.17173333333333332,961766,3963738,36520,430,1775954,0,0,0,0.0,1033,1033,0,0,139,894,0,1033,30
855,77041,80,pair_005_n3_005_control,control,1,0,0,12.46,0.1716,962246,3968378,36555,431,1777966,0,0,0,0.0,1034,1034,0,0,139,895,0,1034,30
856,77116,75,pair_015_n5_015_conflict,conflict,1,0,0,12.510000000000002,0.171475,962696,3972728,36588,431,1779837,0,0,0,0.0,1035,1035,0,0,140,895,0,1035,30
857,77200,84,pair_004_n3_004_control,control,1,0,0,12.420000000000002,0.171335,963200,3977600,36617,433,1782017,0,0,0,0.0,1037,1037,0,0,140,897,0,1037,30
858,77285,85,pair_016_n5_016_conflict,conflict,1,0,0,12.410000000000002,0.1711933333333333,963710,3982530,36665,434,1784163,0,0,0,0.0,1041,1041,0,0,140,901,0,1041,30
859,77369,84,pair_004_n3_004_conflict,conflict,1,0,0,12.420000000000002,0.17105333333333334,964214,3987402,36697,436,1786268,0,0,0,0.0,1043,1043,0,0,141,902,0,1043,30
860,77448,79,pair_015_n5_015_control,control,1,0,0,12.470000000000002,0.17092166666666667,964688,3991984,36735,436,1788292,0,0,0,0.0,1044,1044,0,0,142,902,0,1044,30
861,77528,80,pair_017_n3_017_conflict,conflict,1,0,0,12.46,0.17078833333333332,965168,3996624,36771,436,1790346,0,0,0,0.0,1045,1045,0,0,143,902,0,1045,30
862,77613,85,pair_006_n5_006_conflict,conflict,1,0,0,12.410000000000002,0.17064666666666667,965678,4001554,36818,437,1792513,0,0,0,0.0,1046,1046,0,0,143,903,0,1046,30
863,77687,74,pair_006_n3_006_control,control,1,0,0,12.520000000000001,0.17052333333333333,966122,4005846,36838,437,1794414,0,0,0,0.0,1047,1047,0,0,144,903,0,1047,30
864,77777,90,pair_010_n3_010_control,control,1,0,0,12.360000000000001,0.17037333333333332,966662,4011066,36873,438,1796705,0,0,0,0.0,1047,1047,0,0,144,903,0,1047,30
865,77851,74,pair_015_n5_015_control,control,1,0,0,12.520000000000001,0.17024999999999998,967106,4015358,36893,438,1798602,0,0,0,0.0,1047,1047,0,0,144,903,0,1047,30
866,77930,79,pair_008_n5_008_control,control,1,0,0,12.470000000000002,0.17011833333333332,967580,4019940,36933,438,1800624,0,0,0,0.0,1047,1047,0,0,144,903,0,1047,30
867,78004,74,pair_007_n3_007_control,control,1,0,0,12.520000000000001,0.16999499999999998,968024,4024232,36963,438,1802502,0,0,0,0.0,1047,1047,0,0,144,903,0,1047,30
868,78076,72,pair_017_n5_017_control,control,1,0,0,12.540000000000001,0.169875,968456,4028408,36998,438,1804344,0,0,0,0.0,1047,1047,0,0,144,903,0,1047,30
869,78155,79,pair_006_n5_006_control,control,1,0,0,12.470000000000002,0.16974333333333333,968930,4032990,37061,438,1806418,0,0,0,0.0,1048,1048,0,0,145,903,0,1048,30
870,78237,82,pair_014_n5_014_control,control,1,0,0,12.440000000000001,0.16960666666666666,969422,4037746,37120,438,1808535,0,0,0,0.0,1049,1049,0,0,145,904,0,1049,30
871,78319,82,pair_007_n5_007_conflict,conflict,1,0,0,12.440000000000001,0.16946999999999998,969914,4042502,37176,438,1810671,0,0,0,0.0,1050,1050,0,0,146,904,0,1050,30
872,78394,75,pair_015_n3_015_conflict,conflict,1,0,0,12.510000000000002,0.169345,970364,4046852,37197,438,1812605,0,0,0,0.0,1050,1050,0,0,146,904,0,1050,30
873,78476,82,pair_013_n3_013_conflict,conflict,1,0,0,12.440000000000001,0.16920833333333332,970856,4051608,37224,439,1814700,0,0,0,0.0,1052,1052,0,0,148,904,0,1052,30
874,78567,91,pair_008_n5_008_conflict,conflict,1,0,0,12.350000000000001,0.16905666666666666,971402,4056886,37273,439,1817119,0,0,0,0.0,1053,1053,0,0,149,904,0,1053,30
875,78645,78,pair_012_n5_012_control,control,1,0,0,12.480000000000002,0.16892666666666667,971870,4061410,37299,439,1819142,0,0,0,0.0,1053,1053,0,0,149,904,0,1053,30
876,78728,83,pair_014_n3_014_control,control,1,0,0,12.430000000000001,0.16878833333333332,972368,4066224,37330,439,1821299,0,0,0,0.0,1053,1053,0,0,149,904,0,1053,30
877,78817,89,pair_005_n5_005_conflict,conflict,1,0,0,12.370000000000001,0.16863999999999998,972902,4071386,37356,439,1823635,0,0,0,0.0,1053,1053,0,0,149,904,0,1053,30
878,78893,76,pair_009_n3_009_conflict,conflict,1,0,0,12.500000000000002,0.16851333333333332,973358,4075794,37385,439,1825475,0,0,0,0.0,1053,1053,0,0,149,904,0,1053,30
879,78982,89,pair_014_n5_014_conflict,conflict,1,0,0,12.370000000000001,0.168365,973892,4080956,37419,439,1827737,0,0,0,0.0,1053,1053,0,0,149,904,0,1053,30
880,79075,93,pair_001_n3_001_conflict,conflict,1,0,0,12.330000000000002,0.16821,974450,4086350,37456,439,1830065,0,0,0,0.0,1053,1053,0,0,149,904,0,1053,30
881,79151,76,pair_000_n3_000_conflict,conflict,1,0,0,12.500000000000002,0.16808333333333333,974906,4090758,37492,440,1832002,0,0,0,0.0,1054,1054,0,0,149,905,0,1054,30
882,79237,86,pair_010_n5_010_control,control,1,0,0,12.400000000000002,0.16793999999999998,975422,4095746,37506,440,1834160,0,0,0,0.0,1054,1054,0,0,149,905,0,1054,30
883,79315,78,pair_012_n3_012_control,control,1,0,0,12.480000000000002,0.16781,975890,4100270,37533,440,1836102,0,0,0,0.0,1054,1054,0,0,149,905,0,1054,30
884,79395,80,pair_017_n3_017_control,control,1,0,0,12.46,0.16767666666666667,976370,4104910,37586,440,1838151,0,0,0,0.0,1055,1055,0,0,149,906,0,1055,30
885,79472,77,pair_012_n3_012_conflict,conflict,1,0,0,12.490000000000002,0.16754833333333333,976832,4109376,37627,441,1840060,0,0,0,0.0,1057,1057,0,0,149,908,0,1057,30
886,79550,78,pair_017_n3_017_conflict,conflict,1,0,0,12.480000000000002,0.16741833333333334,977300,4113900,37660,441,1842034,0,0,0,0.0,1057,1057,0,0,149,908,0,1057,30
887,79651,101,pair_006_n3_006_conflict,conflict,1,0,0,12.250000000000002,0.16724999999999998,977906,4119758,37687,441,1844484,0,0,0,0.0,1057,1057,0,0,149,908,0,1057,30
888,79726,75,pair_013_n3_013_control,control,1,0,0,12.510000000000002,0.167125,978356,4124108,37725,441,1846302,0,0,0,0.0,1058,1058,0,0,150,908,0,1058,30
889,79804,78,pair_011_n3_011_control,control,1,0,0,12.48,0.16699499999999998,978824,4128632,37758,441,1848319,0,0,0,0.0,1058,1058,0,0,150,908,0,1058,30
890,79888,84,pair_013_n5_013_control,control,1,0,0,12.420000000000002,0.16685499999999998,979328,4133504,37780,441,1850408,0,0,0,0.0,1058,1058,0,0,150,908,0,1058,30
891,79973,85,pair_007_n5_007_control,control,1,0,0,12.410000000000002,0.16671333333333332,979838,4138434,37820,441,1852512,0,0,0,0.0,1061,1061,0,0,151,910,0,1061,30
892,80057,84,pair_011_n5_011_conflict,conflict,1,0,0,12.420000000000002,0.16657333333333332,980342,4143306,37860,442,1854604,0,0,0,0.0,1065,1065,0,0,152,913,0,1065,30
893,80139,82,pair_009_n3_009_control,control,1,0,0,12.440000000000001,0.16643666666666665,980834,4148062,37886,442,1856593,0,0,0,0.0,1066,1066,0,0,152,914,0,1066,30
894,80215,76,pair_001_n5_001_control,control,1,0,0,12.500000000000002,0.16630999999999999,981290,4152470,37932,444,1858474,0,0,0,0.0,1069,1069,0,0,152,917,0,1069,30
895,80302,87,pair_010_n5_010_conflict,conflict,1,0,0,12.39,0.16616499999999998,981812,4157516,37960,444,1860551,0,0,0,0.0,1070,1070,0,0,153,917,0,1070,30
896,80374,72,pair_006_n5_006_conflict,conflict,1,0,0,12.540000000000001,0.166045,982244,4161692,37993,445,1862334,0,0,0,0.0,1072,1072,0,0,153,919,0,1072,30
897,80460,86,pair_004_n3_004_conflict,conflict,1,0,0,12.400000000000002,0.16590166666666664,982760,4166680,38024,445,1864500,0,0,0,0.0,1073,1073,0,0,153,920,0,1073,30
898,80548,88,pair_008_n3_008_control,control,1,0,0,12.38,0.16575499999999999,983288,4171784,38041,446,1866702,0,0,0,0.0,1075,1075,0,0,153,922,0,1075,30
899,80635,87,pair_000_n5_000_control,control,1,0,0,12.39,0.16560999999999998,983810,4176830,38101,446,1868837,0,0,0,0.0,1075,1075,0,0,153,922,0,1075,30
900,80723,88,pair_011_n3_011_conflict,conflict,1,0,0,12.380000000000003,0.16546333333333332,984338,4181934,38117,447,1870987,0,0,0,0.0,1077,1077,0,0,153,924,0,1077,30
901,80802,79,pair_011_n5_011_control,control,1,0,0,12.470000000000002,0.16533166666666665,984812,4186516,38161,447,1872907,0,0,0,0.0,1078,1078,0,0,154,924,0,1078,30
902,80888,86,pair_017_n5_017_conflict,conflict,1,0,0,12.400000000000002,0.16518833333333333,985328,4191504,38198,447,1875029,0,0,0,0.0,1079,1079,0,0,155,924,0,1079,30
903,80961,73,pair_003_n3_003_conflict,conflict,1,0,0,12.530000000000001,0.16506666666666667,985766,4195738,38241,447,1876832,0,0,0,0.0,1079,1079,0,0,155,924,0,1079,30
904,81043,82,pair_015_n5_015_conflict,conflict,1,0,0,12.440000000000001,0.16493,986258,4200494,38279,447,1878896,0,0,0,0.0,1080,1080,0,0,156,924,0,1080,30
905,81125,82,pair_009_n5_009_conflict,conflict,1,0,0,12.440000000000001,0.16479333333333332,986750,4205250,38311,447,1880938,0,0,0,0.0,1082,1082,0,0,157,925,0,1082,30
906,81206,81,pair_003_n5_003_conflict,conflict,1,0,0,12.450000000000001,0.16465833333333332,987236,4209948,38344,448,1882922,0,0,0,0.0,1083,1083,0,0,157,926,0,1083,30
907,81283,77,pair_002_n5_002_control,control,1,0,0,12.490000000000002,0.16452999999999998,987698,4214414,38380,448,1884807,0,0,0,0.0,1086,1086,0,0,158,928,0,1086,30
908,81360,77,pair_016_n3_016_conflict,conflict,1,0,0,12.490000000000002,0.16440166666666667,988160,4218880,38411,448,1886742,0,0,0,0.0,1089,1089,0,0,159,930,0,1089,30
909,81433,73,pair_016_n3_016_control,control,1,0,0,12.530000000000001,0.16427999999999998,988598,4223114,38448,448,1888595,0,0,0,0.0,1090,1090,0,0,160,930,0,1090,30
910,81517,84,pair_005_n3_005_control,control,1,0,0,12.420000000000002,0.16413999999999998,989102,4227986,38483,448,1890703,0,0,0,0.0,1091,1091,0,0,160,931,0,1091,30
911,81596,79,pair_002_n3_002_conflict,conflict,1,0,0,12.470000000000002,0.1640083333333333,989576,4232568,38511,448,1892687,0,0,0,0.0,1094,1094,0,0,161,933,0,1094,30
912,81672,76,pair_005_n5_005_control,control,1,0,0,12.500000000000002,0.16388166666666665,990032,4236976,38551,448,1894565,0,0,0,0.0,1094,1094,0,0,161,933,0,1094,30
913,81753,81,pair_015_n3_015_control,control,1,0,0,12.450000000000001,0.16374666666666665,990518,4241674,38596,448,1896638,0,0,0,0.0,1095,1095,0,0,162,933,0,1095,30
914,81830,77,pair_013_n5_013_conflict,conflict,1,0,0,12.490000000000002,0.1636183333333333,990980,4246140,38633,448,1898555,0,0,0,0.0,1096,1096,0,0,163,933,0,1096,30
915,81908,78,pair_006_n3_006_control,control,1,0,0,12.480000000000002,0.16348833333333332,991448,4250664,38677,448,1900494,0,0,0,0.0,1097,1097,0,0,164,933,0,1097,30
916,81988,80,pair_003_n3_003_control,control,1,0,0,12.46,0.163355,991928,4255304,38694,448,1902508,0,0,0,0.0,1097,1097,0,0,164,933,0,1097,30
917,82065,77,pair_001_n3_001_control,control,1,0,0,12.490000000000002,0.16322666666666666,992390,4259770,38737,448,1904459,0,0,0,0.0,1097,1097,0,0,164,933,0,1097,30
918,82144,79,pair_009_n5_009_control,control,1,0,0,12.470000000000002,0.163095,992864,4264352,38786,448,1906453,0,0,0,0.0,1097,1097,0,0,164,933,0,1097,30
919,82224,80,pair_008_n3_008_conflict,conflict,1,0,0,12.46,0.16296166666666664,993344,4268992,38807,448,1908475,0,0,0,0.0,1097,1097,0,0,164,933,0,1097,30
920,82308,84,pair_004_n3_004_control,control,1,0,0,12.420000000000002,0.16282166666666664,993848,4273864,38835,449,1910628,0,0,0,0.0,1099,1099,0,0,164,935,0,1099,30
921,82385,77,pair_016_n5_016_conflict,conflict,1,0,0,12.490000000000002,0.16269333333333333,994310,4278330,38888,449,1912595,0,0,0,0.0,1100,1100,0,0,165,935,0,1100,30
922,82461,76,pair_004_n5_004_control,control,1,0,0,12.500000000000002,0.16256666666666666,994766,4282738,38932,451,1914540,0,0,0,0.0,1100,1100,0,0,165,935,0,1100,30
923,82543,82,pair_000_n3_000_control,control,1,0,0,12.440000000000001,0.16243,995258,4287494,38962,451,1916634,0,0,0,0.0,1100,1100,0,0,165,935,0,1100,30
924,82621,78,pair_007_n3_007_conflict,conflict,1,0,0,12.48,0.1623,995726,4292018,38986,451,1918640,0,0,0,0.0,1102,1102,0,0,166,936,0,1102,30
925,82701,80,pair_001_n5_001_conflict,conflict,1,0,0,12.46,0.16216666666666665,996206,4296658,39017,451,1920694,0,0,0,0.0,1102,1102,0,0,166,936,0,1102,30
926,82790,89,pair_002_n5_002_conflict,conflict,1,0,0,12.370000000000001,0.16201833333333332,996740,4301820,39054,451,1922954,0,0,0,0.0,1103,1103,0,0,167,936,0,1103,30
927,82870,80,pair_012_n5_012_conflict,conflict,1,0,0,12.46,0.161885,997220,4306460,39083,451,1925041,0,0,0,0.0,1104,1104,0,0,168,936,0,1104,30
928,82957,87,pair_002_n3_002_control,control,1,0,0,12.39,0.16174,997742,4311506,39112,451,1927269,0,0,0,0.0,1104,1104,0,0,168,936,0,1104,30
929,83040,83,pair_004_n5_004_conflict,conflict,1,0,0,12.430000000000001,0.16160166666666664,998240,4316320,39139,451,1929369,0,0,0,0.0,1104,1104,0,0,168,936,0,1104,30
930,83119,79,pair_010_n3_010_conflict,conflict,1,0,0,12.470000000000002,0.16147,998714,4320902,39148,451,1931437,0,0,0,0.0,1104,1104,0,0,168,936,0,1104,30
931,83205,86,pair_014_n3_014_conflict,conflict,1,0,0,12.400000000000002,0.16132666666666665,999230,4325890,39181,451,1933621,0,0,0,0.0,1104,1104,0,0,168,936,0,1104,30
932,83276,71,pair_003_n5_003_control,control,1,0,0,12.55,0.16120833333333331,999656,4330008,39197,451,1935448,0,0,0,0.0,1104,1104,0,0,168,936,0,1104,30
933,83361,85,pair_000_n5_000_conflict,conflict,1,0,0,12.410000000000002,0.16106666666666666,1000166,4334938,39227,451,1937583,0,0,0,0.0,1104,1104,0,0,168,936,0,1104,30
934,83439,78,pair_016_n5_016_control,control,1,0,0,12.48,0.16093666666666664,1000634,4339462,39283,451,1939575,0,0,0,0.0,1106,1106,0,0,168,938,0,1106,30
935,83524,85,pair_005_n3_005_conflict,conflict,1,0,0,12.410000000000002,0.160795,1001144,4344392,39320,451,1941770,0,0,0,0.0,1107,1107,0,0,168,939,0,1107,30
936,83596,72,pair_009_n3_009_conflict,conflict,1,0,0,12.540000000000001,0.16067499999999998,1001576,4348568,39354,451,1943611,0,0,0,0.0,1107,1107,0,0,168,939,0,1107,30
937,83687,91,pair_003_n3_003_control,control,1,0,0,12.350000000000001,0.16052333333333332,1002122,4353846,39392,451,1945968,0,0,0,0.0,1107,1107,0,0,168,939,0,1107,30
938,83765,78,pair_008_n5_008_control,control,1,0,0,12.48,0.16039333333333333,1002590,4358370,39439,451,1947968,0,0,0,0.0,1107,1107,0,0,168,939,0,1107,30
939,83843,78,pair_012_n5_012_control,control,1,0,0,12.480000000000002,0.1602633333333333,1003058,4362894,39497,452,1949914,0,0,0,0.0,1109,1109,0,0,169,940,0,1109,30
940,83919,76,pair_010_n5_010_conflict,conflict,1,0,0,12.500000000000002,0.16013666666666665,1003514,4367302,39535,453,1951880,0,0,0,0.0,1112,1112,0,0,169,943,0,1112,30
941,83996,77,pair_000_n3_000_conflict,conflict,1,0,0,12.490000000000002,0.16000833333333334,1003976,4371768,39562,453,1953847,0,0,0,0.0,1112,1112,0,0,169,943,0,1112,30
942,84074,78,pair_014_n3_014_control,control,1,0,0,12.48,0.15987833333333332,1004444,4376292,39598,454,1955813,0,0,0,0.0,1114,1114,0,0,170,944,0,1114,30
943,84154,80,pair_004_n3_004_conflict,conflict,1,0,0,12.46,0.159745,1004924,4380932,39623,454,1957826,0,0,0,0.0,1114,1114,0,0,170,944,0,1114,30
944,84232,78,pair_013_n3_013_control,control,1,0,0,12.48,0.15961499999999998,1005392,4385456,39640,454,1959781,0,0,0,0.0,1114,1114,0,0,170,944,0,1114,30
945,84315,83,pair_007_n3_007_control,control,1,0,0,12.430000000000001,0.15947666666666666,1005890,4390270,39690,455,1961899,0,0,0,0.0,1116,1116,0,0,171,945,0,1116,30
946,84404,89,pair_008_n3_008_control,control,1,0,0,12.370000000000001,0.15932833333333332,1006424,4395432,39726,455,1964139,0,0,0,0.0,1116,1116,0,0,171,945,0,1116,30
947,84488,84,pair_014_n3_014_conflict,conflict,1,0,0,12.420000000000002,0.15918833333333332,1006928,4400304,39758,455,1966207,0,0,0,0.0,1116,1116,0,0,171,945,0,1116,30
948,84566,78,pair_006_n5_006_control,control,1,0,0,12.48,0.15905833333333333,1007396,4404828,39794,455,1968110,0,0,0,0.0,1116,1116,0,0,171,945,0,1116,30
949,84654,88,pair_003_n5_003_control,control,1,0,0,12.38,0.15891166666666665,1007924,4409932,39806,455,1970331,0,0,0,0.0,1116,1116,0,0,171,945,0,1116,30
950,84734,80,pair_003_n3_003_conflict,conflict,1,0,0,12.46,0.15877833333333333,1008404,4414572,39818,455,1972304,0,0,0,0.0,1116,1116,0,0,171,945,0,1116,30
951,84806,72,pair_012_n3_012_conflict,conflict,1,0,0,12.540000000000003,0.15865833333333332,1008836,4418748,39855,456,1974102,0,0,0,0.0,1117,1117,0,0,171,946,0,1117,30
952,84886,80,pair_005_n5_005_conflict,conflict,1,0,0,12.46,0.158525,1009316,4423388,39882,456,1976030,0,0,0,0.0,1117,1117,0,0,171,946,0,1117,30
953,84958,72,pair_012_n5_012_conflict,conflict,1,0,0,12.540000000000003,0.158405,1009748,4427564,39931,456,1977765,0,0,0,0.0,1117,1117,0,0,171,946,0,1117,30
954,85043,85,pair_006_n3_006_control,control,1,0,0,12.410000000000002,0.1582633333333333,1010258,4432494,39960,456,1979851,0,0,0,0.0,1117,1117,0,0,171,946,0,1117,30
955,85113,70,pair_017_n3_017_control,control,1,0,0,12.560000000000002,0.15814666666666666,1010678,4436554,39989,456,1981579,0,0,0,0.0,1117,1117,0,0,171,946,0,1117,30
956,85200,87,pair_013_n5_013_control,control,1,0,0,12.39,0.15800166666666665,1011200,4441600,40025,456,1983716,0,0,0,0.0,1119,1119,0,0,172,947,0,1119,30
957,85282,82,pair_010_n5_010_control,control,1,0,0,12.440000000000001,0.15786499999999998,1011692,4446356,40062,456,1985692,0,0,0,0.0,1119,1119,0,0,172,947,0,1119,30
958,85360,78,pair_015_n3_015_conflict,conflict,1,0,0,12.48,0.157735,1012160,4450880,40087,456,1987631,0,0,0,0.0,1119,1119,0,0,172,947,0,1119,30
959,85439,79,pair_002_n5_002_control,control,1,0,0,12.470000000000002,0.15760333333333332,1012634,4455462,40115,456,1989589,0,0,0,0.0,1119,1119,0,0,172,947,0,1119,30
960,85514,75,pair_001_n5_001_conflict,conflict,1,0,0,12.510000000000002,0.15747833333333333,1013084,4459812,40125,456,1991393,0,0,0,0.0,1119,1119,0,0,172,947,0,1119,30
961,85611,97,pair_009_n5_009_conflict,conflict,1,0,0,12.290000000000003,0.15731666666666666,1013666,4465438,40188,456,1993811,0,0,0,0.0,1120,1120,0,0,172,948,0,1120,30
962,85684,73,pair_011_n3_011_conflict,conflict,1,0,0,12.530000000000001,0.157195,1014104,4469672,40212,456,1995642,0,0,0,0.0,1121,1121,0,0,172,949,0,1121,30
963,85759,75,pair_009_n3_009_control,control,1,0,0,12.510000000000002,0.15707,1014554,4474022,40256,456,1997514,0,0,0,0.0,1122,1122,0,0,173,949,0,1122,30
964,85832,73,pair_004_n3_004_control,control,1,0,0,12.530000000000001,0.15694833333333333,1014992,4478256,40278,456,1999310,0,0,0,0.0,1122,1122,0,0,173,949,0,1122,30
965,85911,79,pair_011_n5_011_control,control,1,0,0,12.470000000000002,0.15681666666666666,1015466,4482838,40335,456,2001187,0,0,0,0.0,1122,1122,0,0,173,949,0,1122,30
966,85980,69,pair_011_n5_011_conflict,conflict,1,0,0,12.570000000000002,0.15670166666666666,1015880,4486840,40375,456,2002949,0,0,0,0.0,1123,1123,0,0,174,949,0,1123,30
967,86059,79,pair_008_n3_008_conflict,conflict,1,0,0,12.470000000000002,0.15657,1016354,4491422,40384,456,2004958,0,0,0,0.0,1123,1123,0,0,174,949,0,1123,30
968,86137,78,pair_016_n3_016_conflict,conflict,1,0,0,12.48,0.15644,1016822,4495946,40423,456,2006843,0,0,0,0.0,1124,1124,0,0,175,949,0,1124,30
969,86238,101,pair_014_n5_014_control,control,1,0,0,12.250000000000002,0.15627166666666664,1017428,4501804,40489,461,2009397,0,0,0,0.0,1131,1131,0,0,178,953,0,1131,30
970,86324,86,pair_017_n5_017_conflict,conflict,1,0,0,12.400000000000002,0.1561283333333333,1017944,4506792,40520,461,2011486,0,0,0,0.0,1131,1131,0,0,178,953,0,1131,30
971,86401,77,pair_006_n5_006_conflict,conflict,1,0,0,12.490000000000002,0.156,1018406,4511258,40557,461,2013425,0,0,0,0.0,1131,1131,0,0,178,953,0,1131,30
972,86488,87,pair_016_n3_016_control,control,1,0,0,12.39,0.155855,1018928,4516304,40589,461,2015627,0,0,0,0.0,1131,1131,0,0,178,953,0,1131,30
973,86572,84,pair_010_n3_010_conflict,conflict,1,0,0,12.420000000000002,0.155715,1019432,4521176,40600,461,2017675,0,0,0,0.0,1131,1131,0,0,178,953,0,1131,30
974,86646,74,pair_005_n3_005_control,control,1,0,0,12.520000000000001,0.15559166666666666,1019876,4525468,40616,461,2019413,0,0,0,0.0,1131,1131,0,0,178,953,0,1131,30
975,86721,75,pair_012_n3_012_control,control,1,0,0,12.510000000000002,0.15546666666666664,1020326,4529818,40644,461,2021287,0,0,0,0.0,1132,1132,0,0,178,954,0,1132,30
976,86802,81,pair_002_n5_002_conflict,conflict,1,0,0,12.450000000000001,0.15533166666666665,1020812,4534516,40684,462,2023299,0,0,0,0.0,1134,1134,0,0,178,956,0,1134,30
977,86880,78,pair_004_n5_004_control,control,1,0,0,12.48,0.15520166666666665,1021280,4539040,40717,462,2025217,0,0,0,0.0,1135,1135,0,0,178,957,0,1135,30
978,86956,76,pair_007_n3_007_conflict,conflict,1,0,0,12.500000000000002,0.155075,1021736,4543448,40750,462,2027059,0,0,0,0.0,1135,1135,0,0,178,957,0,1135,30
979,87034,78,pair_015_n3_015_control,control,1,0,0,12.48,0.154945,1022204,4547972,40774,462,2028914,0,0,0,0.0,1136,1136,0,0,179,957,0,1136,30
980,87118,84,pair_009_n5_009_control,control,1,0,0,12.420000000000002,0.154805,1022708,4552844,40826,462,2030957,0,0,0,0.0,1136,1136,0,0,179,957,0,1136,30
981,87208,90,pair_002_n3_002_conflict,conflict,1,0,0,12.360000000000001,0.154655,1023248,4558064,40854,463,2033146,0,0,0,0.0,1137,1137,0,0,179,958,0,1137,30
982,87301,93,pair_003_n5_003_conflict,conflict,1,0,0,12.330000000000002,0.1545,1023806,4563458,40922,466,2035398,0,0,0,0.0,1141,1141,0,0,180,961,0,1141,30
983,87380,79,pair_017_n5_017_control,control,1,0,0,12.470000000000002,0.15436833333333333,1024280,4568040,40962,467,2037261,0,0,0,0.0,1141,1141,0,0,180,961,0,1141,30
984,87473,93,pair_004_n5_004_conflict,conflict,1,0,0,12.330000000000002,0.1542133333333333,1024838,4573434,40999,468,2039524,0,0,0,0.0,1142,1142,0,0,180,962,0,1142,30
985,87561,88,pair_000_n5_000_conflict,conflict,1,0,0,12.38,0.15406666666666666,1025366,4578538,41046,468,2041622,0,0,0,0.0,1144,1144,0,0,180,964,0,1144,30
986,87645,84,pair_005_n5_005_control,control,1,0,0,12.420000000000002,0.15392666666666666,1025870,4583410,41076,470,2043637,0,0,0,0.0,1146,1146,0,0,180,966,0,1146,30
987,87721,76,pair_000_n3_000_control,control,1,0,0,12.500000000000002,0.1538,1026326,4587818,41105,470,2045574,0,0,0,0.0,1147,1147,0,0,180,967,0,1147,30
988,87807,86,pair_011_n3_011_control,control,1,0,0,12.400000000000002,0.15365666666666666,1026842,4592806,41120,470,2047656,0,0,0,0.0,1147,1147,0,0,180,967,0,1147,30
989,87882,75,pair_005_n3_005_conflict,conflict,1,0,0,12.510000000000002,0.15353166666666665,1027292,4597156,41148,470,2049472,0,0,0,0.0,1148,1148,0,0,180,968,0,1148,30
990,87957,75,pair_008_n5_008_conflict,conflict,1,0,0,12.510000000000002,0.15340666666666666,1027742,4601506,41169,470,2051321,0,0,0,0.0,1148,1148,0,0,180,968,0,1148,30
991,88034,77,pair_013_n5_013_conflict,conflict,1,0,0,12.490000000000002,0.15327833333333332,1028204,4605972,41196,470,2053131,0,0,0,0.0,1148,1148,0,0,180,968,0,1148,30
992,88108,74,pair_006_n3_006_conflict,conflict,1,0,0,12.520000000000001,0.15315499999999999,1028648,4610264,41224,470,2054950,0,0,0,0.0,1148,1148,0,0,180,968,0,1148,30
993,88182,74,pair_007_n5_007_control,control,1,0,0,12.520000000000001,0.15303166666666665,1029092,4614556,41256,470,2056732,0,0,0,0.0,1149,1149,0,0,180,969,0,1149,30
994,88260,78,pair_010_n3_010_control,control,1,0,0,12.480000000000002,0.15290166666666666,1029560,4619080,41268,471,2058631,0,0,0,0.0,1150,1150,0,0,181,969,0,1150,30
995,88341,81,pair_014_n5_014_conflict,conflict,1,0,0,12.450000000000001,0.15276666666666666,1030046,4623778,41299,471,2060535,0,0,0,0.0,1150,1150,0,0,181,969,0,1150,30
996,88416,75,pair_013_n3_013_conflict,conflict,1,0,0,12.510000000000002,0.15264166666666665,1030496,4628128,41323,472,2062318,0,0,0,0.0,1152,1152,0,0,182,970,0,1152,30
997,88496,80,pair_002_n3_002_control,control,1,0,0,12.46,0.15250833333333333,1030976,4632768,41345,472,2064282,0,0,0,0.0,1152,1152,0,0,182,970,0,1152,30
998,88576,80,pair_000_n5_000_control,control,1,0,0,12.46,0.15237499999999998,1031456,4637408,41377,472,2066179,0,0,0,0.0,1153,1153,0,0,182,971,0,1153,30
999,88645,69,pair_015_n5_015_control,control,1,0,0,12.570000000000002,0.15225999999999998,1031870,4641410,41397,472,2067831,0,0,0,0.0,1153,1153,0,0,182,971,0,1153,30
1000,88734,89,pair_016_n5_016_conflict,conflict,1,0,0,12.370000000000001,0.15211166666666665,1032404,4646572,41433,473,2069947,0,0,0,0.0,1154,1154,0,0,182,972,0,1154,30
1001,88812,78,pair_001_n3_001_conflict,conflict,1,0,0,12.48,0.15198166666666665,1032872,4651096,41442,473,2071782,0,0,0,0.0,1154,1154,0,0,182,972,0,1154,30
1002,88900,88,pair_016_n5_016_control,control,1,0,0,12.38,0.151835,1033400,4656200,41468,473,2073821,0,0,0,0.0,1154,1154,0,0,182,972,0,1154,30
1003,88979,79,pair_001_n5_001_control,control,1,0,0,12.470000000000002,0.15170333333333333,1033874,4660782,41478,473,2075687,0,0,0,0.0,1154,1154,0,0,182,972,0,1154,30
1004,89054,75,pair_007_n5_007_conflict,conflict,1,0,0,12.510000000000002,0.15157833333333331,1034324,4665132,41527,474,2077441,0,0,0,0.0,1155,1155,0,0,182,973,0,1155,30
1005,89138,84,pair_017_n3_017_conflict,conflict,1,0,0,12.420000000000002,0.1514383333333333,1034828,4670004,41572,474,2079478,0,0,0,0.0,1156,1156,0,0,183,973,0,1156,30
1006,89224,86,pair_015_n5_015_conflict,conflict,1,0,0,12.400000000000002,0.15129499999999999,1035344,4674992,41625,475,2081557,0,0,0,0.0,1157,1157,0,0,183,974,0,1157,30
1007,89314,90,pair_001_n3_001_control,control,1,0,0,12.360000000000001,0.151145,1035884,4680212,41678,476,2083704,0,0,0,0.0,1158,1158,0,0,183,975,0,1158,30
1008,89391,77,pair_013_n3_013_control,control,1,0,0,12.490000000000002,0.15101666666666666,1036346,4684678,41719,476,2085525,0,0,0,0.0,1159,1159,0,0,184,975,0,1159,30
1009,89470,79,pair_015_n5_015_conflict,conflict,1,0,0,12.470000000000002,0.150885,1036820,4689260,41751,476,2087363,0,0,0,0.0,1159,1159,0,0,184,975,0,1159,30
1010,89542,72,pair_006_n5_006_control,control,1,0,0,12.540000000000003,0.15076499999999998,1037252,4693436,41783,477,2089090,0,0,0,0.0,1161,1161,0,0,185,976,0,1161,30
1011,89614,72,pair_007_n3_007_conflict,conflict,1,0,0,12.540000000000001,0.150645,1037684,4697612,41820,478,2090847,0,0,0,0.0,1162,1162,0,0,185,977,0,1162,30
1012,89696,82,pair_012_n5_012_conflict,conflict,1,0,0,12.440000000000001,0.15050833333333333,1038176,4702368,41852,478,2092835,0,0,0,0.0,1162,1162,0,0,185,977,0,1162,30
1013,89774,78,pair_002_n3_002_control,control,1,0,0,12.48,0.15037833333333334,1038644,4706892,41872,478,2094694,0,0,0,0.0,1162,1162,0,0,185,977,0,1162,30
1014,89853,79,pair_009_n5_009_conflict,conflict,1,0,0,12.470000000000002,0.15024666666666667,1039118,4711474,41914,478,2096578,0,0,0,0.0,1164,1164,0,0,186,978,0,1164,30
1015,89941,88,pair_006_n5_006_conflict,conflict,1,0,0,12.38,0.15009999999999998,1039646,4716578,41987,481,2098678,0,0,0,0.0,1169,1169,0,0,188,981,0,1169,30
1016,90020,79,pair_011_n3_011_conflict,conflict,1,0,0,12.470000000000002,0.14996833333333331,1040120,4721160,42003,481,2100586,0,0,0,0.0,1169,1169,0,0,188,981,0,1169,30
1017,90110,90,pair_017_n5_017_conflict,conflict,1,0,0,12.360000000000001,0.14981833333333333,1040660,4726380,42062,481,2102776,0,0,0,0.0,1172,1172,0,0,188,984,0,1172,30
1018,90188,78,pair_007_n3_007_control,control,1,0,0,12.48,0.1496883333333333,1041128,4730904,42089,482,2104660,0,0,0,0.0,1174,1174,0,0,189,985,0,1174,30
1019,90271,83,pair_004_n3_004_conflict,conflict,1,0,0,12.430000000000001,0.14955,1041626,4735718,42122,483,2106653,0,0,0,0.0,1176,1176,0,0,191,985,0,1176,30
1020,90347,76,pair_009_n3_009_conflict,conflict,1,0,0,12.500000000000002,0.14942333333333332,1042082,4740126,42173,484,2108550,0,0,0,0.0,1177,1177,0,0,191,986,0,1177,30
1021,90429,82,pair_015_n3_015_conflict,conflict,1,0,0,12.440000000000001,0.14928666666666665,1042574,4744882,42216,484,2110548,0,0,0,0.0,1178,1178,0,0,191,987,0,1178,30
1022,90503,74,pair_016_n5_016_control,control,1,0,0,12.520000000000001,0.14916333333333331,1043018,4749174,42271,484,2112379,0,0,0,0.0,1180,1180,0,0,192,988,0,1180,30
1023,90579,76,pair_017_n3_017_control,control,1,0,0,12.500000000000002,0.14903666666666665,1043474,4753582,42298,484,2114216,0,0,0,0.0,1180,1180,0,0,192,988,0,1180,30
1024,90656,77,pair_010_n3_010_control,control,1,0,0,12.490000000000002,0.1489083333333333,1043936,4758048,42318,485,2116069,0,0,0,0.0,1183,1183,0,0,192,991,0,1183,30
1025,90742,86,pair_014_n3_014_control,control,1,0,0,12.400000000000002,0.14876499999999998,1044452,4763036,42358,485,2118123,0,0,0,0.0,1185,1185,0,0,193,992,0,1185,31
1026,90826,84,pair_011_n3_011_control,control,1,0,0,12.420000000000002,0.14862499999999998,1044956,4767908,42372,486,2120130,0,0,0,0.0,1186,1186,0,0,193,993,0,1186,31
1027,90906,80,pair_011_n5_011_conflict,conflict,1,0,0,12.46,0.14849166666666666,1045436,4772548,42423,486,2122050,0,0,0,0.0,1187,1187,0,0,193,994,0,1187,31
1028,90988,82,pair_005_n3_005_conflict,conflict,1,0,0,12.440000000000001,0.148355,1045928,4777304,42458,487,2123955,0,0,0,0.0,1189,1189,0,0,193,996,0,1189,31
1029,91067,79,pair_005_n3_005_control,control,1,0,0,12.470000000000002,0.14822333333333332,1046402,4781886,42490,487,2125860,0,0,0,0.0,1190,1190,0,0,194,996,0,1190,31
1030,91146,79,pair_006_n3_006_control,control,1,0,0,12.470000000000002,0.14809166666666665,1046876,4786468,42526,489,2127722,0,0,0,0.0,1193,1193,0,0,196,997,0,1193,31
1031,91229,83,pair_010_n3_010_conflict,conflict,1,0,0,12.430000000000001,0.14795333333333333,1047374,4791282,42561,489,2129729,0,0,0,0.0,1193,1193,0,0,196,997,0,1193,31
1032,91314,85,pair_012_n3_012_conflict,conflict,1,0,0,12.410000000000002,0.14781166666666665,1047884,4796212,42588,490,2131776,0,0,0,0.0,1196,1196,0,0,196,1000,0,1196,31
1033,91383,69,pair_015_n3_015_control,control,1,0,0,12.570000000000002,0.14769666666666664,1048298,4800214,42623,490,2133459,0,0,0,0.0,1197,1197,0,0,197,1000,0,1197,31
1034,91466,83,pair_004_n5_004_control,control,1,0,0,12.430000000000001,0.14755833333333332,1048796,4805028,42663,490,2135517,0,0,0,0.0,1200,1200,0,0,198,1002,0,1200,31
1035,91545,79,pair_013_n3_013_conflict,conflict,1,0,0,12.470000000000002,0.14742666666666665,1049270,4809610,42704,491,2137420,0,0,0,0.0,1202,1202,0,0,200,1002,0,1202,31
1036,91620,75,pair_004_n5_004_conflict,conflict,1,0,0,12.510000000000002,0.14730166666666666,1049720,4813960,42734,491,2139253,0,0,0,0.0,1204,1204,0,0,200,1004,0,1204,31
1037,91694,74,pair_016_n3_016_conflict,conflict,1,0,0,12.520000000000001,0.14717833333333333,1050164,4818252,42770,492,2141071,0,0,0,0.0,1207,1207,0,0,202,1005,0,1207,31
1038,91770,76,pair_003_n3_003_control,control,1,0,0,12.500000000000002,0.14705166666666666,1050620,4822660,42794,494,2142995,0,0,0,0.0,1210,1210,0,0,202,1008,0,1210,31
1039,91871,101,pair_000_n3_000_conflict,conflict,1,0,0,12.25,0.1468833333333333,1051226,4828518,42847,494,2145471,0,0,0,0.0,1210,1210,0,0,202,1008,0,1210,31
1040,91949,78,pair_005_n5_005_conflict,conflict,1,0,0,12.48,0.14675333333333332,1051694,4833042,42888,494,2147404,0,0,0,0.0,1214,1214,0,0,202,1012,0,1214,31
1041,92040,91,pair_003_n5_003_control,control,1,0,0,12.350000000000001,0.14660166666666666,1052240,4838320,42925,494,2149638,0,0,0,0.0,1215,1215,0,0,202,1013,0,1215,31
1042,92115,75,pair_000_n5_000_conflict,conflict,1,0,0,12.510000000000002,0.14647666666666664,1052690,4842670,42965,495,2151490,0,0,0,0.0,1217,1217,0,0,202,1015,0,1217,31
1043,92203,88,pair_001_n5_001_conflict,conflict,1,0,0,12.38,0.14633,1053218,4847774,42990,496,2153607,0,0,0,0.0,1218,1218,0,0,202,1016,0,1218,31
1044,92283,80,pair_009_n3_009_control,control,1,0,0,12.46,0.14619666666666667,1053698,4852414,43014,496,2155607,0,0,0,0.0,1220,1220,0,0,203,1017,0,1220,31
1045,92360,77,pair_004_n3_004_control,control,1,0,0,12.490000000000002,0.14606833333333333,1054160,4856880,43045,496,2157516,0,0,0,0.0,1220,1220,0,0,203,1017,0,1220,31
1046,92454,94,pair_015_n5_015_control,control,1,0,0,12.32,0.14591166666666666,1054724,4862332,43073,496,2159841,0,0,0,0.0,1221,1221,0,0,203,1018,0,1221,31
1047,92540,86,pair_016_n5_016_conflict,conflict,1,0,0,12.400000000000002,0.14576833333333333,1055240,4867320,43109,496,2161937,0,0,0,0.0,1224,1224,0,0,205,1019,0,1224,31
1048,92618,78,pair_014_n5_014_control,control,1,0,0,12.480000000000002,0.14563833333333331,1055708,4871844,43154,496,2163777,0,0,0,0.0,1226,1226,0,0,206,1020,0,1226,31
1049,92705,87,pair_010_n5_010_conflict,conflict,1,0,0,12.39,0.14549333333333334,1056230,4876890,43178,498,2165852,0,0,0,0.0,1228,1228,0,0,207,1021,0,1228,31
1050,92789,84,pair_008_n3_008_control,control,1,0,0,12.420000000000002,0.14535333333333333,1056734,4881762,43191,499,2167866,0,0,0,0.0,1229,1229,0,0,208,1021,0,1229,31
1051,92871,82,pair_013_n5_013_conflict,conflict,1,0,0,12.440000000000001,0.14521666666666666,1057226,4886518,43236,499,2169844,0,0,0,0.0,1230,1230,0,0,209,1021,0,1230,31
1052,92947,76,pair_008_n5_008_control,control,1,0,0,12.500000000000002,0.14509,1057682,4890926,43284,499,2171681,0,0,0,0.0,1231,1231,0,0,210,1021,0,1231,31
1053,93027,80,pair_001_n5_001_control,control,1,0,0,12.46,0.14495666666666665,1058162,4895566,43296,499,2173575,0,0,0,0.0,1231,1231,0,0,210,1021,0,1231,31
1054,93115,88,pair_014_n5_014_conflict,conflict,1,0,0,12.38,0.14481,1058690,4900670,43342,500,2175740,0,0,0,0.0,1233,1233,0,0,212,1021,0,1233,31
1055,93197,82,pair_003_n3_003_conflict,conflict,1,0,0,12.440000000000001,0.14467333333333332,1059182,4905426,43370,501,2177679,0,0,0,0.0,1235,1235,0,0,212,1023,0,1235,31
1056,93270,73,pair_006_n3_006_conflict,conflict,1,0,0,12.530000000000001,0.14455166666666666,1059620,4909660,43396,501,2179444,0,0,0,0.0,1237,1237,0,0,213,1024,0,1237,31
1057,93346,76,pair_000_n3_000_control,control,1,0,0,12.500000000000002,0.144425,1060076,4914068,43435,501,2181289,0,0,0,0.0,1237,1237,0,0,213,1024,0,1237,31
1058,93417,71,pair_014_n3_014_conflict,conflict,1,0,0,12.550000000000002,0.14430666666666667,1060502,4918186,43466,501,2182961,0,0,0,0.0,1237,1237,0,0,213,1024,0,1237,31
1059,93508,91,pair_002_n5_002_conflict,conflict,1,0,0,12.350000000000001,0.14415499999999998,1061048,4923464,43498,502,2185169,0,0,0,0.0,1239,1239,0,0,213,1026,0,1239,31
1060,93580,72,pair_002_n3_002_conflict,conflict,1,0,0,12.540000000000001,0.144035,1061480,4927640,43523,502,2186893,0,0,0,0.0,1239,1239,0,0,213,1026,0,1239,31
1061,93654,74,pair_011_n5_011_control,control,1,0,0,12.520000000000001,0.14391166666666666,1061924,4931932,43570,502,2188708,0,0,0,0.0,1240,1240,0,0,213,1027,0,1240,31
1062,93742,88,pair_005_n5_005_control,control,1,0,0,12.380000000000003,0.14376499999999998,1062452,4937036,43605,502,2190848,0,0,0,0.0,1240,1240,0,0,213,1027,0,1240,31
1063,93814,72,pair_007_n5_007_conflict,conflict,1,0,0,12.540000000000003,0.143645,1062884,4941212,43667,503,2192597,0,0,0,0.0,1242,1242,0,0,213,1029,0,1242,31
1064,93899,85,pair_008_n3_008_conflict,conflict,1,0,0,12.410000000000002,0.14350333333333332,1063394,4946142,43708,503,2194702,0,0,0,0.0,1242,1242,0,0,213,1029,0,1242,31
1065,93973,74,pair_009_n5_009_control,control,1,0,0,12.520000000000001,0.14337999999999998,1063838,4950434,43739,503,2196522,0,0,0,0.0,1242,1242,0,0,213,1029,0,1242,31
1066,94047,74,pair_003_n5_003_conflict,conflict,1,0,0,12.520000000000001,0.14325666666666664,1064282,4954726,43775,503,2198398,0,0,0,0.0,1243,1243,0,0,214,1029,0,1243,31
1067,94130,83,pair_017_n5_017_control,control,1,0,0,12.430000000000001,0.14311833333333332,1064780,4959540,43807,503,2200462,0,0,0,0.0,1243,1243,0,0,214,1029,0,1243,31
1068,94205,75,pair_001_n3_001_control,control,1,0,0,12.510000000000002,0.14299333333333333,1065230,4963890,43817,503,2202292,0,0,0,0.0,1244,1244,0,0,214,1030,0,1244,31
1069,94284,79,pair_016_n3_016_control,control,1,0,0,12.470000000000002,0.14286166666666666,1065704,4968472,43858,503,2204296,0,0,0,0.0,1245,1245,0,0,214,1031,0,1245,31
1070,94361,77,pair_001_n3_001_conflict,conflict,1,0,0,12.490000000000002,0.14273333333333332,1066166,4972938,43896,504,2206221,0,0,0,0.0,1246,1246,0,0,214,1032,0,1246,31
1071,94445,84,pair_000_n5_000_control,control,1,0,0,12.420000000000002,0.14259333333333332,1066670,4977810,43935,506,2208366,0,0,0,0.0,1248,1248,0,0,214,1034,0,1248,31
1072,94520,75,pair_008_n5_008_conflict,conflict,1,0,0,12.510000000000002,0.14246833333333334,1067120,4982160,43989,508,2210277,0,0,0,0.0,1251,1251,0,0,216,1035,0,1251,31
1073,94596,76,pair_012_n3_012_control,control,1,0,0,12.500000000000002,0.14234166666666664,1067576,4986568,44022,509,2212176,0,0,0,0.0,1253,1253,0,0,217,1036,0,1253,31
1074,94684,88,pair_013_n5_013_control,control,1,0,0,12.38,0.142195,1068104,4991672,44060,509,2214356,0,0,0,0.0,1255,1255,0,0,219,1036,0,1255,31
1075,94774,90,pair_017_n3_017_conflict,conflict,1,0,0,12.360000000000001,0.14204499999999998,1068644,4996892,44094,509,2216597,0,0,0,0.0,1255,1255,0,0,219,1036,0,1255,31
1076,94850,76,pair_002_n5_002_control,control,1,0,0,12.500000000000002,0.1419183333333333,1069100,5001300,44119,509,2218413,0,0,0,0.0,1256,1256,0,0,219,1037,0,1256,31
1077,94936,86,pair_010_n5_010_control,control,1,0,0,12.400000000000002,0.14177499999999998,1069616,5006288,44152,511,2220503,0,0,0,0.0,1259,1259,0,0,219,1040,0,1259,31
1078,95015,79,pair_012_n5_012_control,control,1,0,0,12.470000000000002,0.14164333333333332,1070090,5010870,44205,512,2222454,0,0,0,0.0,1259,1259,0,0,219,1040,0,1259,31
1079,95093,78,pair_007_n5_007_control,control,1,0,0,12.480000000000002,0.14151333333333332,1070558,5015394,44242,512,2224280,0,0,0,0.0,1263,1263,0,0,220,1043,0,1263,31
1080,95179,86,pair_010_n5_010_conflict,conflict,1,0,0,12.400000000000002,0.14137,1071074,5020382,44289,515,2226305,0,0,0,0.0,1266,1266,0,0,221,1045,0,1266,31
1081,95258,79,pair_011_n5_011_control,control,1,0,0,12.470000000000002,0.14123833333333333,1071548,5024964,44316,515,2228183,0,0,0,0.0,1268,1268,0,0,223,1045,0,1268,31
1082,95339,81,pair_011_n5_011_conflict,conflict,1,0,0,12.450000000000001,0.14110333333333333,1072034,5029662,44344,515,2230219,0,0,0,0.0,1270,1270,0,0,223,1047,0,1270,31
1083,95423,84,pair_003_n5_003_control,control,1,0,0,12.420000000000002,0.14096333333333333,1072538,5034534,44373,515,2232291,0,0,0,0.0,1271,1271,0,0,223,1048,0,1271,31
1084,95502,79,pair_013_n5_013_conflict,conflict,1,0,0,12.47,0.14083166666666666,1073012,5039116,44424,515,2234288,0,0,0,0.0,1272,1272,0,0,224,1048,0,1272,31
1085,95575,73,pair_001_n5_001_control,control,1,0,0,12.530000000000001,0.14071,1073450,5043350,44458,515,2236107,0,0,0,0.0,1275,1275,0,0,224,1051,0,1275,31
1086,95655,80,pair_012_n3_012_conflict,conflict,1,0,0,12.46,0.14057666666666666,1073930,5047990,44493,516,2238089,0,0,0,0.0,1278,1278,0,0,225,1053,0,1278,32
1087,95736,81,pair_015_n3_015_conflict,conflict,1,0,0,12.450000000000001,0.14044166666666666,1074416,5052688,44527,516,2240064,0,0,0,0.0,1278,1278,0,0,225,1053,0,1278,32
1088,95814,78,pair_004_n3_004_control,control,1,0,0,12.48,0.14031166666666667,1074884,5057212,44556,517,2241960,0,0,0,0.0,1280,1280,0,0,225,1055,0,1280,32
1089,95898,84,pair_008_n3_008_control,control,1,0,0,12.420000000000002,0.14017166666666667,1075388,5062084,44597,517,2244085,0,0,0,0.0,1281,1281,0,0,225,1056,0,1281,32
1090,95979,81,pair_010_n5_010_control,control,1,0,0,12.450000000000001,0.14003666666666664,1075874,5066782,44607,517,2246076,0,0,0,0.0,1281,1281,0,0,225,1056,0,1281,32
1091,96050,71,pair_008_n3_008_conflict,conflict,1,0,0,12.55,0.1399183333333333,1076300,5070900,44637,517,2247811,0,0,0,0.0,1282,1282,0,0,225,1057,0,1282,32
1092,96128,78,pair_000_n3_000_control,control,1,0,0,12.48,0.13978833333333332,1076768,5075424,44660,518,2249678,0,0,0,0.0,1283,1283,0,0,225,1058,0,1283,32
1093,96212,84,pair_008_n5_008_control,control,1,0,0,12.420000000000002,0.13964833333333332,1077272,5080296,44695,520,2251727,0,0,0,0.0,1286,1286,0,0,226,1060,0,1286,32
1094,96287,75,pair_008_n5_008_conflict,conflict,1,0,0,12.510000000000002,0.13952333333333333,1077722,5084646,44718,520,2253557,0,0,0,0.0,1286,1286,0,0,226,1060,0,1286,32
1095,96359,72,pair_000_n5_000_control,control,1,0,0,12.540000000000001,0.13940333333333332,1078154,5088822,44753,520,2255375,0,0,0,0.0,1286,1286,0,0,226,1060,0,1286,32
1096,96434,75,pair_002_n5_002_conflict,conflict,1,0,0,12.510000000000002,0.1392783333333333,1078604,5093172,44786,521,2257205,0,0,0,0.0,1288,1288,0,0,227,1061,0,1288,32
1097,96513,79,pair_016_n5_016_conflict,conflict,1,0,0,12.470000000000002,0.13914666666666667,1079078,5097754,44837,521,2259140,0,0,0,0.0,1292,1292,0,0,227,1065,0,1292,32
1098,96592,79,pair_009_n3_009_control,control,1,0,0,12.470000000000002,0.139015,1079552,5102336,44861,521,2261048,0,0,0,0.0,1293,1293,0,0,228,1065,0,1293,32
1099,96667,75,pair_004_n5_004_conflict,conflict,1,0,0,12.510000000000002,0.13888999999999999,1080002,5106686,44896,522,2262866,0,0,0,0.0,1295,1295,0,0,228,1067,0,1295,32
1100,96748,81,pair_017_n5_017_control,control,1,0,0,12.450000000000001,0.138755,1080488,5111384,44934,522,2264909,0,0,0,0.0,1297,1297,0,0,228,1069,0,1297,32
1101,96822,74,pair_015_n3_015_control,control,1,0,0,12.520000000000001,0.13863166666666665,1080932,5115676,44981,522,2266769,0,0,0,0.0,1298,1298,0,0,228,1070,0,1298,32
1102,96904,82,pair_007_n5_007_control,control,1,0,0,12.440000000000001,0.13849499999999998,1081424,5120432,45018,523,2268837,0,0,0,0.0,1301,1301,0,0,229,1072,0,1301,32
1103,96987,83,pair_007_n5_007_conflict,conflict,1,0,0,12.430000000000001,0.13835666666666666,1081922,5125246,45057,523,2270873,0,0,0,0.0,1306,1306,0,0,230,1076,0,1306,32
1104,97069,82,pair_014_n5_014_conflict,conflict,1,0,0,12.440000000000001,0.13821999999999998,1082414,5130002,45097,524,2272943,0,0,0,0.0,1307,1307,0,0,231,1076,0,1307,32
1105,97143,74,pair_007_n3_007_control,control,1,0,0,12.520000000000001,0.13809666666666665,1082858,5134294,45153,524,2274827,0,0,0,0.0,1307,1307,0,0,231,1076,0,1307,32
1106,97224,81,pair_014_n3_014_conflict,conflict,1,0,0,12.450000000000001,0.13796166666666665,1083344,5138992,45188,524,2276878,0,0,0,0.0,1308,1308,0,0,232,1076,0,1308,32
1107,97300,76,pair_005_n5_005_control,control,1,0,0,12.500000000000002,0.13783499999999999,1083800,5143400,45252,524,2278814,0,0,0,0.0,1308,1308,0,0,232,1076,0,1308,32
1108,97376,76,pair_014_n3_014_control,control,1,0,0,12.500000000000002,0.13770833333333332,1084256,5147808,45279,524,2280812,0,0,0,0.0,1308,1308,0,0,232,1076,0,1308,32
1109,97454,78,pair_006_n3_006_conflict,conflict,1,0,0,12.48,0.13757833333333333,1084724,5152332,45329,524,2282823,0,0,0,0.0,1308,1308,0,0,232,1076,0,1308,32
1110,97532,78,pair_003_n3_003_conflict,conflict,1,0,0,12.480000000000002,0.1374483333333333,1085192,5156856,45363,524,2284908,0,0,0,0.0,1309,1309,0,0,232,1077,0,1309,32
1111,97608,76,pair_015_n5_015_conflict,conflict,1,0,0,12.500000000000002,0.13732166666666665,1085648,5161264,45405,524,2286870,0,0,0,0.0,1309,1309,0,0,232,1077,0,1309,32
1112,97687,79,pair_002_n5_002_control,control,1,0,0,12.470000000000002,0.13718999999999998,1086122,5165846,45457,524,2288956,0,0,0,0.0,1311,1311,0,0,234,1077,0,1311,32
1113,97759,72,pair_000_n3_000_conflict,conflict,1,0,0,12.540000000000001,0.13707,1086554,5170022,45475,524,2290832,0,0,0,0.0,1311,1311,0,0,234,1077,0,1311,32
1114,97830,71,pair_004_n5_004_control,control,1,0,0,12.55,0.13695166666666667,1086980,5174140,45508,524,2292688,0,0,0,0.0,1311,1311,0,0,234,1077,0,1311,32
1115,97913,83,pair_010_n3_010_conflict,conflict,1,0,0,12.430000000000001,0.13681333333333331,1087478,5178954,45543,526,2294881,0,0,0,0.0,1313,1313,0,0,234,1079,0,1313,32
1116,97991,78,pair_004_n3_004_conflict,conflict,1,0,0,12.480000000000002,0.13668333333333332,1087946,5183478,45577,527,2296943,0,0,0,0.0,1314,1314,0,0,234,1080,0,1314,32
1117,98079,88,pair_006_n5_006_conflict,conflict,1,0,0,12.380000000000003,0.13653666666666667,1088474,5188582,45609,528,2299205,0,0,0,0.0,1315,1315,0,0,234,1081,0,1315,32
1118,98163,84,pair_007_n3_007_conflict,conflict,1,0,0,12.420000000000002,0.13639666666666667,1088978,5193454,45676,530,2301393,0,0,0,0.0,1317,1317,0,0,234,1083,0,1317,32
1119,98237,74,pair_013_n3_013_conflict,conflict,1,0,0,12.520000000000001,0.13627333333333333,1089422,5197746,45712,530,2303370,0,0,0,0.0,1318,1318,0,0,235,1083,0,1318,32
1120,98327,90,pair_005_n3_005_conflict,conflict,1,0,0,12.360000000000001,0.13612333333333332,1089962,5202966,45749,531,2305733,0,0,0,0.0,1319,1319,0,0,235,1084,0,1319,32
1121,98401,74,pair_016_n3_016_control,control,1,0,0,12.520000000000001,0.13599999999999998,1090406,5207258,45789,531,2307718,0,0,0,0.0,1321,1321,0,0,236,1085,0,1321,32
1122,98476,75,pair_006_n5_006_control,control,1,0,0,12.510000000000002,0.135875,1090856,5211608,45824,531,2309625,0,0,0,0.0,1323,1323,0,0,237,1086,0,1323,32
1123,98554,78,pair_012_n3_012_control,control,1,0,0,12.48,0.13574499999999998,1091324,5216132,45852,531,2311585,0,0,0,0.0,1324,1324,0,0,238,1086,0,1324,32
1124,98628,74,pair_003_n5_003_conflict,conflict,1,0,0,12.520000000000001,0.13562166666666667,1091768,5220424,45881,531,2313508,0,0,0,0.0,1325,1325,0,0,238,1087,0,1325,32
1125,98701,73,pair_001_n3_001_control,control,1,0,0,12.530000000000001,0.13549999999999998,1092206,5224658,45900,531,2315358,0,0,0,0.0,1326,1326,0,0,238,1088,0,1326,32
1126,98779,78,pair_017_n3_017_conflict,conflict,1,0,0,12.480000000000002,0.13537,1092674,5229182,45937,531,2317435,0,0,0,0.0,1327,1327,0,0,239,1088,0,1327,32
1127,98863,84,pair_016_n5_016_control,control,1,0,0,12.420000000000002,0.13523,1093178,5234054,45971,531,2319587,0,0,0,0.0,1328,1328,0,0,239,1089,0,1328,32
1128,98936,73,pair_013_n5_013_control,control,1,0,0,12.530000000000001,0.13510833333333333,1093616,5238288,46008,531,2321542,0,0,0,0.0,1329,1329,0,0,240,1089,0,1329,32
1129,99013,77,pair_013_n3_013_control,control,1,0,0,12.490000000000002,0.13498,1094078,5242754,46053,532,2323559,0,0,0,0.0,1331,1331,0,0,242,1089,0,1331,32
1130,99084,71,pair_005_n3_005_control,control,1,0,0,12.55,0.13486166666666666,1094504,5246872,46082,532,2325411,0,0,0,0.0,1332,1332,0,0,242,1090,0,1332,32
1131,99167,83,pair_014_n5_014_control,control,1,0,0,12.430000000000001,0.13472333333333333,1095002,5251686,46129,532,2327626,0,0,0,0.0,1333,1333,0,0,243,1090,0,1333,32
1132,99243,76,pair_002_n3_002_control,control,1,0,0,12.500000000000002,0.13459666666666664,1095458,5256094,46164,532,2329582,0,0,0,0.0,1335,1335,0,0,244,1091,0,1335,32
1133,99319,76,pair_011_n3_011_conflict,conflict,1,0,0,12.500000000000002,0.13446999999999998,1095914,5260502,46177,533,2331529,0,0,0,0.0,1336,1336,0,0,244,1092,0,1336,32
1134,99400,81,pair_000_n5_000_conflict,conflict,1,0,0,12.450000000000001,0.13433499999999998,1096400,5265200,46220,534,2333604,0,0,0,0.0,1338,1338,0,0,246,1092,0,1338,32
1135,99477,77,pair_015_n5_015_control,control,1,0,0,12.490000000000002,0.13420666666666667,1096862,5269666,46268,535,2335604,0,0,0,0.0,1340,1340,0,0,248,1092,0,1340,32
1136,99556,79,pair_006_n3_006_control,control,1,0,0,12.470000000000002,0.134075,1097336,5274248,46285,535,2337644,0,0,0,0.0,1341,1341,0,0,249,1092,0,1341,32
1137,99635,79,pair_016_n3_016_conflict,conflict,1,0,0,12.470000000000002,0.13394333333333333,1097810,5278830,46320,535,2339705,0,0,0,0.0,1342,1342,0,0,249,1093,0,1342,32
1138,99709,74,pair_009_n5_009_control,control,1,0,0,12.520000000000001,0.13382,1098254,5283122,46367,535,2341694,0,0,0,0.0,1343,1343,0,0,250,1093,0,1343,32
1139,99795,86,pair_017_n3_017_control,control,1,0,0,12.400000000000002,0.13367666666666667,1098770,5288110,46422,535,2343953,0,0,0,0.0,1344,1344,0,0,251,1093,0,1344,32
1140,99885,90,pair_009_n3_009_conflict,conflict,1,0,0,12.360000000000001,0.13352666666666665,1099310,5293330,46451,536,2346270,0,0,0,0.0,1347,1347,0,0,252,1095,0,1347,32
1141,99960,75,pair_012_n5_012_conflict,conflict,1,0,0,12.510000000000002,0.13340166666666667,1099760,5297680,46491,537,2348239,0,0,0,0.0,1349,1349,0,0,253,1096,0,1349,32
1142,100053,93,pair_001_n5_001_conflict,conflict,1,0,0,12.330000000000002,0.13324666666666665,1100000,5303392,46524,539,2350749,0,0,0,0.0,1353,1353,0,0,254,1099,0,1353,32
1143,100135,82,pair_001_n3_001_conflict,conflict,1,0,0,12.440000000000001,0.13310999999999998,1100000,5308640,46559,540,2353092,0,0,0,0.0,1356,1356,0,0,254,1102,0,1356,32
1144,100225,90,pair_002_n3_002_conflict,conflict,1,0,0,12.360000000000001,0.13296,1100000,5314400,46592,540,2355710,0,0,0,0.0,1357,1357,0,0,255,1102,0,1357,32
1145,100309,84,pair_012_n5_012_control,control,1,0,0,12.420000000000002,0.13282,1100000,5319776,46649,541,2358099,0,0,0,0.0,1361,1361,0,0,256,1105,0,1361,32
1146,100381,72,pair_010_n3_010_control,control,1,0,0,12.540000000000001,0.13269999999999998,1100000,5324384,46666,541,2360143,0,0,0,0.0,1362,1362,0,0,256,1106,0,1362,32
1147,100460,79,pair_011_n3_011_control,control,1,0,0,12.470000000000002,0.13256833333333332,1100000,5329440,46682,541,2362410,0,0,0,0.0,1364,1364,0,0,256,1108,0,1364,32
1148,100537,77,pair_017_n5_017_conflict,conflict,1,0,0,12.490000000000002,0.13244,1100000,5334368,46718,541,2364579,0,0,0,0.0,1365,1365,0,0,257,1108,0,1365,32
1149,100618,81,pair_005_n5_005_conflict,conflict,1,0,0,12.450000000000001,0.13230499999999998,1100000,5339552,46752,542,2366833,0,0,0,0.0,1366,1366,0,0,257,1109,0,1366,32
1150,100697,79,pair_003_n3_003_control,control,1,0,0,12.470000000000002,0.1321733333333333,1100000,5344608,46774,542,2369069,0,0,0,0.0,1366,1366,0,0,257,1109,0,1366,32
1151,100776,79,pair_009_n5_009_conflict,conflict,1,0,0,12.470000000000002,0.13204166666666667,1100000,5349664,46818,543,2371278,0,0,0,0.0,1367,1367,0,0,257,1110,0,1367,32
1152,100852,76,pair_004_n5_004_control,control,1,0,0,12.500000000000002,0.13191499999999998,1100000,5354528,46843,543,2373434,0,0,0,0.0,1368,1368,0,0,257,1111,0,1368,32
1153,100938,86,pair_005_n5_005_conflict,conflict,1,0,0,12.400000000000002,0.13177166666666665,1100000,5360032,46872,543,2375904,0,0,0,0.0,1369,1369,0,0,257,1112,0,1369,32
1154,101024,86,pair_014_n5_014_conflict,conflict,1,0,0,12.400000000000002,0.13162833333333332,1100000,5365536,46906,543,2378406,0,0,0,0.0,1369,1369,0,0,257,1112,0,1369,32
1155,101110,86,pair_002_n3_002_control,control,1,0,0,12.400000000000002,0.131485,1100000,5371040,46927,543,2380842,0,0,0,0.0,1369,1369,0,0,257,1112,0,1369,32
1156,101185,75,pair_011_n3_011_control,control,1,0,0,12.510000000000002,0.13135999999999998,1100000,5375840,46942,543,2382979,0,0,0,0.0,1369,1369,0,0,257,1112,0,1369,32
1157,101253,68,pair_002_n3_002_conflict,conflict,1,0,0,12.580000000000002,0.13124666666666665,1100000,5380192,46962,543,2384967,0,0,0,0.0,1369,1369,0,0,257,1112,0,1369,32
1158,101338,85,pair_000_n5_000_conflict,conflict,1,0,0,12.410000000000002,0.131105,1100000,5385632,46998,544,2387335,0,0,0,0.0,1370,1370,0,0,257,1113,0,1370,32
1159,101420,82,pair_006_n5_006_conflict,conflict,1,0,0,12.440000000000001,0.13096833333333333,1100000,5390880,47028,544,2389681,0,0,0,0.0,1370,1370,0,0,257,1113,0,1370,32
1160,101495,75,pair_012_n3_012_conflict,conflict,1,0,0,12.510000000000002,0.1308433333333333,1100000,5395680,47054,544,2391782,0,0,0,0.0,1370,1370,0,0,257,1113,0,1370,32
1161,101576,81,pair_003_n3_003_conflict,conflict,1,0,0,12.450000000000003,0.13070833333333332,1100000,5400864,47065,544,2394077,0,0,0,0.0,1370,1370,0,0,257,1113,0,1370,32
1162,101663,87,pair_001_n5_001_control,control,1,0,0,12.39,0.1305633333333333,1100000,5406432,47078,544,2396582,0,0,0,0.0,1370,1370,0,0,257,1113,0,1370,32
1163,101744,81,pair_007_n5_007_conflict,conflict,1,0,0,12.450000000000001,0.1304283333333333,1100000,5411616,47115,544,2398853,0,0,0,0.0,1370,1370,0,0,257,1113,0,1370,32
1164,101819,75,pair_006_n3_006_conflict,conflict,1,0,0,12.510000000000002,0.13030333333333333,1100000,5416416,47137,544,2400901,0,0,0,0.0,1370,1370,0,0,257,1113,0,1370,32
1165,101892,73,pair_015_n5_015_control,control,1,0,0,12.530000000000001,0.13018166666666667,1100000,5421088,47157,544,2402981,0,0,0,0.0,1370,1370,0,0,257,1113,0,1370,32
1166,101973,81,pair_017_n5_017_conflict,conflict,1,0,0,12.450000000000001,0.13004666666666664,1100000,5426272,47198,547,2405189,0,0,0,0.0,1371,1371,0,0,258,1113,0,1371,32
1167,102062,89,pair_014_n3_014_control,control,1,0,0,12.370000000000001,0.1298983333333333,1100000,5431968,47234,547,2407654,0,0,0,0.0,1371,1371,0,0,258,1113,0,1371,32
1168,102142,80,pair_015_n5_015_conflict,conflict,1,0,0,12.46,0.129765,1100000,5437088,47259,547,2409903,0,0,0,0.0,1372,1372,0,0,259,1113,0,1372,32
1169,102224,82,pair_004_n5_004_conflict,conflict,1,0,0,12.440000000000001,0.12962833333333332,1100000,5442336,47286,547,2412151,0,0,0,0.0,1372,1372,0,0,259,1113,0,1372,32
1170,102300,76,pair_011_n3_011_conflict,conflict,1,0,0,12.500000000000002,0.12950166666666665,1100000,5447200,47301,547,2414280,0,0,0,0.0,1372,1372,0,0,259,1113,0,1372,32
1171,102374,74,pair_010_n5_010_conflict,conflict,1,0,0,12.520000000000001,0.12937833333333332,1100000,5451936,47316,547,2416334,0,0,0,0.0,1372,1372,0,0,259,1113,0,1372,32
1172,102451,77,pair_010_n5_010_control,control,1,0,0,12.490000000000002,0.12924999999999998,1100000,5456864,47326,547,2418478,0,0,0,0.0,1372,1372,0,0,259,1113,0,1372,32
1173,102526,75,pair_006_n3_006_control,control,1,0,0,12.510000000000002,0.129125,1100000,5461664,47348,547,2420502,0,0,0,0.0,1372,1372,0,0,259,1113,0,1372,32
1174,102601,75,pair_012_n5_012_control,control,1,0,0,12.510000000000002,0.12899999999999998,1100000,5466464,47374,547,2422489,0,0,0,0.0,1372,1372,0,0,259,1113,0,1372,32
1175,102677,76,pair_005_n5_005_control,control,1,0,0,12.500000000000002,0.1288733333333333,1100000,5471328,47425,547,2424518,0,0,0,0.0,1372,1372,0,0,259,1113,0,1372,32
1176,102752,75,pair_006_n5_006_control,control,1,0,0,12.510000000000002,0.12874833333333333,1100000,5476128,47482,547,2426576,0,0,0,0.0,1373,1373,0,0,260,1113,0,1373,32
1177,102837,85,pair_013_n5_013_control,control,1,0,0,12.410000000000002,0.12860666666666665,1100000,5481568,47518,549,2428905,0,0,0,0.0,1374,1374,0,0,261,1113,0,1374,33
1178,102910,73,pair_001_n3_001_control,control,1,0,0,12.530000000000001,0.128485,1100000,5486240,47529,549,2430825,0,0,0,0.0,1374,1374,0,0,261,1113,0,1374,33
1179,102986,76,pair_014_n5_014_control,control,1,0,0,12.500000000000002,0.12835833333333332,1100000,5491104,47574,549,2432897,0,0,0,0.0,1375,1375,0,0,262,1113,0,1375,33
1180,103070,84,pair_000_n3_000_control,control,1,0,0,12.420000000000002,0.12821833333333332,1100000,5496480,47597,550,2435169,0,0,0,0.0,1376,1376,0,0,262,1114,0,1376,33
1181,103142,72,pair_000_n5_000_control,control,1,0,0,12.540000000000001,0.12809833333333331,1100000,5501088,47633,550,2437146,0,0,0,0.0,1379,1379,0,0,262,1117,0,1379,33
1182,103217,75,pair_001_n5_001_conflict,conflict,1,0,0,12.510000000000002,0.12797333333333333,1100000,5505888,47674,551,2439258,0,0,0,0.0,1380,1380,0,0,262,1118,0,1380,33
1183,103295,78,pair_010_n3_010_conflict,conflict,1,0,0,12.48,0.1278433333333333,1100000,5510880,47688,552,2441372,0,0,0,0.0,1381,1381,0,0,262,1119,0,1381,33
1184,103374,79,pair_007_n3_007_conflict,conflict,1,0,0,12.470000000000002,0.12771166666666667,1100000,5515936,47713,553,2443442,0,0,0,0.0,1383,1383,0,0,263,1120,0,1383,33
1185,103456,82,pair_012_n5_012_conflict,conflict,1,0,0,12.440000000000001,0.127575,1100000,5521184,47740,553,2445694,0,0,0,0.0,1383,1383,0,0,263,1120,0,1383,33
1186,103529,73,pair_007_n3_007_control,control,1,0,0,12.530000000000001,0.12745333333333334,1100000,5525856,47768,553,2447687,0,0,0,0.0,1385,1385,0,0,264,1121,0,1385,33
1187,103604,75,pair_016_n5_016_conflict,conflict,1,0,0,12.510000000000002,0.12732833333333332,1100000,5530656,47821,554,2449738,0,0,0,0.0,1388,1388,0,0,265,1123,0,1388,33
1188,103682,78,pair_003_n3_003_control,control,1,0,0,12.48,0.12719833333333333,1100000,5535648,47859,556,2451885,0,0,0,0.0,1390,1390,0,0,266,1124,0,1390,33
1189,103760,78,pair_005_n3_005_control,control,1,0,0,12.48,0.1270683333333333,1100000,5540640,47903,558,2453992,0,0,0,0.0,1392,1392,0,0,266,1126,0,1392,33
1190,103839,79,pair_000_n3_000_conflict,conflict,1,0,0,12.470000000000002,0.12693666666666664,1100000,5545696,47950,558,2456054,0,0,0,0.0,1393,1393,0,0,266,1127,0,1393,33
1191,103919,80,pair_001_n3_001_conflict,conflict,1,0,0,12.46,0.12680333333333332,1100000,5550816,47980,559,2458233,0,0,0,0.0,1394,1394,0,0,266,1128,0,1394,33
1192,104001,82,pair_013_n5_013_conflict,conflict,1,0,0,12.440000000000001,0.12666666666666665,1100000,5556064,48033,560,2460476,0,0,0,0.0,1396,1396,0,0,266,1130,0,1396,33
1193,104085,84,pair_011_n5_011_control,control,1,0,0,12.420000000000002,0.12652666666666665,1100000,5561440,48093,562,2462796,0,0,0,0.0,1398,1398,0,0,266,1132,0,1398,33
1194,104163,78,pair_007_n5_007_control,control,1,0,0,12.480000000000002,0.12639666666666666,1100000,5566432,48137,563,2464987,0,0,0,0.0,1399,1399,0,0,266,1133,0,1399,33
1195,104247,84,pair_009_n3_009_conflict,conflict,1,0,0,12.420000000000002,0.12625666666666666,1100000,5571808,48168,564,2467242,0,0,0,0.0,1400,1400,0,0,266,1134,0,1400,33
1196,104320,73,pair_016_n3_016_control,control,1,0,0,12.530000000000001,0.126135,1100000,5576480,48194,564,2469234,0,0,0,0.0,1400,1400,0,0,266,1134,0,1400,33
1197,104404,84,pair_003_n5_003_control,control,1,0,0,12.420000000000002,0.125995,1100000,5581856,48221,564,2471551,0,0,0,0.0,1400,1400,0,0,266,1134,0,1400,33
1198,104478,74,pair_010_n3_010_control,control,1,0,0,12.520000000000001,0.12587166666666666,1100000,5586592,48231,564,2473464,0,0,0,0.0,1400,1400,0,0,266,1134,0,1400,33
1199,104545,67,pair_008_n5_008_control,control,1,0,0,12.590000000000002,0.12575999999999998,1100000,5590880,48252,564,2475271,0,0,0,0.0,1400,1400,0,0,266,1134,0,1400,33
1200,104621,76,pair_002_n5_002_control,control,1,0,0,12.500000000000002,0.12563333333333332,1100000,5595744,48284,567,2477380,0,0,0,0.0,1402,1402,0,0,266,1136,0,1402,33
1201,104699,78,pair_012_n3_012_control,control,1,0,0,12.48,0.12550333333333333,1100000,5600736,48314,567,2479533,0,0,0,0.0,1402,1402,0,0,266,1136,0,1402,33
1202,104775,76,pair_008_n5_008_conflict,conflict,1,0,0,12.500000000000002,0.12537666666666666,1100000,5605600,48337,567,2481664,0,0,0,0.0,1403,1403,0,0,266,1137,0,1403,33
1203,104857,82,pair_003_n5_003_conflict,conflict,1,0,0,12.440000000000001,0.12524,1100000,5610848,48362,567,2483870,0,0,0,0.0,1404,1404,0,0,266,1138,0,1404,33
1204,104941,84,pair_009_n5_009_conflict,conflict,1,0,0,12.420000000000002,0.1251,1100000,5616224,48426,569,2486131,0,0,0,0.0,1407,1407,0,0,267,1140,0,1407,33
1205,105022,81,pair_015_n3_015_conflict,conflict,1,0,0,12.450000000000001,0.12496499999999999,1100000,5621408,48460,569,2488349,0,0,0,0.0,1407,1407,0,0,267,1140,0,1407,33
1206,105100,78,pair_004_n3_004_conflict,conflict,1,0,0,12.480000000000002,0.124835,1100000,5626400,48484,570,2490474,0,0,0,0.0,1409,1409,0,0,267,1142,0,1409,33
1207,105176,76,pair_008_n3_008_conflict,conflict,1,0,0,12.500000000000002,0.12470833333333331,1100000,5631264,48504,570,2492529,0,0,0,0.0,1411,1411,0,0,267,1144,0,1411,33
1208,105249,73,pair_008_n3_008_control,control,1,0,0,12.530000000000001,0.12458666666666665,1100000,5635936,48514,570,2494500,0,0,0,0.0,1411,1411,0,0,267,1144,0,1411,33
1209,105322,73,pair_017_n3_017_control,control,1,0,0,12.530000000000001,0.12446499999999999,1100000,5640608,48542,570,2496525,0,0,0,0.0,1411,1411,0,0,267,1144,0,1411,33
1210,105400,78,pair_016_n5_016_control,control,1,0,0,12.480000000000002,0.124335,1100000,5645600,48574,570,2498608,0,0,0,0.0,1411,1411,0,0,267,1144,0,1411,33
1211,105480,80,pair_002_n5_002_conflict,conflict,1,0,0,12.46,0.12420166666666665,1100000,5650720,48604,571,2500772,0,0,0,0.0,1412,1412,0,0,267,1145,0,1412,33
1212,105560,80,pair_013_n3_013_control,control,1,0,0,12.46,0.12406833333333334,1100000,5655840,48623,571,2502877,0,0,0,0.0,1412,1412,0,0,267,1145,0,1412,33
1213,105638,78,pair_005_n3_005_conflict,conflict,1,0,0,12.480000000000002,0.12393833333333332,1100000,5660832,48651,572,2504909,0,0,0,0.0,1413,1413,0,0,268,1145,0,1413,33
1214,105707,69,pair_004_n3_004_control,control,1,0,0,12.570000000000002,0.12382333333333331,1100000,5665248,48671,572,2506763,0,0,0,0.0,1413,1413,0,0,268,1145,0,1413,33
1215,105796,89,pair_009_n5_009_control,control,1,0,0,12.370000000000001,0.12367499999999998,1100000,5670944,48703,572,2509147,0,0,0,0.0,1414,1414,0,0,268,1146,0,1414,33
1216,105874,78,pair_017_n3_017_conflict,conflict,1,0,0,12.48,0.12354499999999999,1100000,5675936,48752,572,2511211,0,0,0,0.0,1414,1414,0,0,268,1146,0,1414,33
1217,105942,68,pair_016_n3_016_conflict,conflict,1,0,0,12.580000000000002,0.12343166666666666,1100000,5680288,48779,572,2513025,0,0,0,0.0,1414,1414,0,0,268,1146,0,1414,33
1218,106019,77,pair_009_n3_009_control,control,1,0,0,12.490000000000002,0.12330333333333332,1100000,5685216,48815,572,2515084,0,0,0,0.0,1415,1415,0,0,268,1147,0,1415,33
1219,106089,70,pair_011_n5_011_conflict,conflict,1,0,0,12.560000000000002,0.12318666666666667,1100000,5689696,48840,572,2516965,0,0,0,0.0,1415,1415,0,0,268,1147,0,1415,33
1220,106161,72,pair_015_n3_015_control,control,1,0,0,12.540000000000003,0.12306666666666666,1100000,5694304,48872,572,2518890,0,0,0,0.0,1415,1415,0,0,268,1147,0,1415,33
1221,106231,70,pair_017_n5_017_control,control,1,0,0,12.560000000000002,0.12294999999999998,1100000,5698784,48901,572,2520732,0,0,0,0.0,1415,1415,0,0,268,1147,0,1415,33
1222,106303,72,pair_013_n3_013_conflict,conflict,1,0,0,12.540000000000001,0.12283,1100000,5703392,48925,572,2522608,0,0,0,0.0,1415,1415,0,0,268,1147,0,1415,33
1223,106385,82,pair_014_n3_014_conflict,conflict,1,0,0,12.440000000000001,0.12269333333333332,1100000,5708640,48952,572,2524716,0,0,0,0.0,1415,1415,0,0,268,1147,0,1415,33
1224,106470,85,pair_001_n3_001_conflict,conflict,1,0,0,12.410000000000002,0.12255166666666664,1100000,5714080,48965,573,2526931,0,0,0,0.0,1415,1415,0,0,268,1147,0,1415,33
1225,106548,78,pair_005_n5_005_control,control,1,0,0,12.48,0.12242166666666665,1100000,5719072,49002,573,2528887,0,0,0,0.0,1415,1415,0,0,268,1147,0,1415,33
1226,106621,73,pair_005_n3_005_conflict,conflict,1,0,0,12.530000000000001,0.12229999999999999,1100000,5723744,49026,573,2530746,0,0,0,0.0,1415,1415,0,0,268,1147,0,1415,33
1227,106698,77,pair_009_n5_009_conflict,conflict,1,0,0,12.490000000000002,0.12217166666666665,1100000,5728672,49069,574,2532647,0,0,0,0.0,1416,1416,0,0,268,1148,0,1416,33
1228,106783,85,pair_014_n5_014_conflict,conflict,1,0,0,12.410000000000002,0.12203,1100000,5734112,49104,575,2534854,0,0,0,0.0,1417,1417,0,0,269,1148,0,1417,33
1229,106861,78,pair_000_n3_000_conflict,conflict,1,0,0,12.48,0.12189999999999998,1100000,5739104,49135,576,2536830,0,0,0,0.0,1418,1418,0,0,269,1149,0,1418,33
1230,106935,74,pair_014_n3_014_conflict,conflict,1,0,0,12.520000000000001,0.12177666666666664,1100000,5743840,49161,576,2538640,0,0,0,0.0,1418,1418,0,0,269,1149,0,1418,33
1231,107020,85,pair_006_n5_006_control,control,1,0,0,12.410000000000002,0.121635,1100000,5749280,49208,578,2540854,0,0,0,0.0,1420,1420,0,0,270,1150,0,1420,33
1232,107096,76,pair_002_n5_002_conflict,conflict,1,0,0,12.500000000000002,0.12150833333333333,1100000,5754144,49231,578,2542790,0,0,0,0.0,1421,1421,0,0,270,1151,0,1421,33
1233,107177,81,pair_016_n5_016_conflict,conflict,1,0,0,12.450000000000001,0.12137333333333333,1100000,5759328,49266,578,2544873,0,0,0,0.0,1421,1421,0,0,270,1151,0,1421,33
1234,107248,71,pair_001_n5_001_conflict,conflict,1,0,0,12.55,0.121255,1100000,5763872,49282,578,2546647,0,0,0,0.0,1423,1423,0,0,270,1153,0,1423,33
1235,107332,84,pair_012_n5_012_control,control,1,0,0,12.420000000000002,0.121115,1100000,5769248,49310,579,2548755,0,0,0,0.0,1424,1424,0,0,270,1154,0,1424,33
1236,107411,79,pair_013_n3_013_control,control,1,0,0,12.470000000000002,0.12098333333333333,1100000,5774304,49338,579,2550779,0,0,0,0.0,1424,1424,0,0,270,1154,0,1424,33
1237,107483,72,pair_007_n5_007_control,control,1,0,0,12.540000000000003,0.12086333333333332,1100000,5778912,49373,579,2552574,0,0,0,0.0,1426,1426,0,0,270,1156,0,1426,33
1238,107561,78,pair_011_n5_011_control,control,1,0,0,12.480000000000002,0.12073333333333333,1100000,5783904,49398,580,2554524,0,0,0,0.0,1427,1427,0,0,270,1157,0,1427,33
1239,107633,72,pair_009_n5_009_control,control,1,0,0,12.540000000000003,0.12061333333333332,1100000,5788512,49442,580,2556295,0,0,0,0.0,1428,1428,0,0,270,1158,0,1428,33
1240,107711,78,pair_016_n5_016_control,control,1,0,0,12.480000000000002,0.12048333333333333,1100000,5793504,49471,580,2558295,0,0,0,0.0,1428,1428,0,0,270,1158,0,1428,33
1241,107789,78,pair_006_n5_006_conflict,conflict,1,0,0,12.480000000000002,0.12035333333333331,1100000,5798496,49515,582,2560295,0,0,0,0.0,1431,1431,0,0,270,1161,0,1431,33
1242,107867,78,pair_012_n3_012_control,control,1,0,0,12.48,0.12022333333333332,1100000,5803488,49553,584,2562239,0,0,0,0.0,1433,1433,0,0,271,1162,0,1433,33
1243,107937,70,pair_016_n3_016_conflict,conflict,1,0,0,12.560000000000002,0.12010666666666667,1100000,5807968,49588,584,2564061,0,0,0,0.0,1434,1434,0,0,271,1163,0,1434,33
1244,108009,72,pair_003_n3_003_conflict,conflict,1,0,0,12.540000000000001,0.11998666666666666,1100000,5812576,49615,585,2565910,0,0,0,0.0,1435,1435,0,0,271,1164,0,1435,33
1245,108080,71,pair_014_n5_014_control,control,1,0,0,12.55,0.11986833333333333,1100000,5817120,49666,586,2567694,0,0,0,0.0,1438,1438,0,0,271,1167,0,1438,33
1246,108152,72,pair_010_n3_010_control,control,1,0,0,12.540000000000001,0.11974833333333332,1100000,5821728,49695,586,2569505,0,0,0,0.0,1438,1438,0,0,271,1167,0,1438,33
1247,108230,78,pair_004_n3_004_conflict,conflict,1,0,0,12.48,0.11961833333333333,1100000,5826720,49730,588,2571516,0,0,0,0.0,1439,1439,0,0,271,1168,0,1439,33
1248,108312,82,pair_015_n3_015_conflict,conflict,1,0,0,12.440000000000001,0.11948166666666665,1100000,5831968,49759,588,2573553,0,0,0,0.0,1440,1440,0,0,272,1168,0,1440,33
1249,108388,76,pair_008_n5_008_control,control,1,0,0,12.500000000000002,0.11935499999999999,1100000,5836832,49809,589,2575503,0,0,0,0.0,1442,1442,0,0,274,1168,0,1442,33
1250,108464,76,pair_017_n3_017_conflict,conflict,1,0,0,12.500000000000002,0.11922833333333333,1100000,5841696,49847,589,2577394,0,0,0,0.0,1443,1443,0,0,275,1168,0,1443,33
1251,108537,73,pair_013_n3_013_conflict,conflict,1,0,0,12.530000000000001,0.11910666666666667,1100000,5846368,49888,589,2579227,0,0,0,0.0,1444,1444,0,0,276,1168,0,1444,33
1252,108615,78,pair_009_n3_009_control,control,1,0,0,12.480000000000002,0.11897666666666665,1100000,5851360,49920,592,2581221,0,0,0,0.0,1448,1448,0,0,277,1171,0,1448,33
1253,108691,76,pair_005_n3_005_control,control,1,0,0,12.500000000000002,0.11884999999999998,1100000,5856224,49958,593,2583132,0,0,0,0.0,1450,1450,0,0,277,1173,0,1450,33
1254,108775,84,pair_011_n3_011_control,control,1,0,0,12.420000000000002,0.11870999999999998,1100000,5861600,49972,595,2585285,0,0,0,0.0,1452,1452,0,0,278,1174,0,1452,33
1255,108849,74,pair_010_n5_010_conflict,conflict,1,0,0,12.520000000000001,0.11858666666666665,1100000,5866336,49995,596,2587103,0,0,0,0.0,1454,1454,0,0,278,1176,0,1454,33
1256,108923,74,pair_007_n5_007_conflict,conflict,1,0,0,12.520000000000001,0.11846333333333331,1100000,5871072,50028,596,2589007,0,0,0,0.0,1456,1456,0,0,279,1177,0,1456,33
1257,108996,73,pair_009_n3_009_conflict,conflict,1,0,0,12.530000000000001,0.11834166666666665,1100000,5875744,50053,596,2590850,0,0,0,0.0,1457,1457,0,0,280,1177,0,1457,33
1258,109070,74,pair_016_n3_016_control,control,1,0,0,12.520000000000001,0.11821833333333331,1100000,5880480,50083,596,2592613,0,0,0,0.0,1458,1458,0,0,281,1177,0,1458,33
1259,109148,78,pair_002_n3_002_control,control,1,0,0,12.48,0.11808833333333332,1100000,5885472,50115,598,2594572,0,0,0,0.0,1460,1460,0,0,281,1179,0,1460,33
1260,109229,81,pair_011_n5_011_conflict,conflict,1,0,0,12.450000000000001,0.11795333333333333,1100000,5890656,50152,599,2596574,0,0,0,0.0,1463,1463,0,0,282,1181,0,1463,33
1261,109303,74,pair_006_n3_006_conflict,conflict,1,0,0,12.520000000000001,0.11782999999999999,1100000,5895392,50172,599,2598400,0,0,0,0.0,1464,1464,0,0,283,1181,0,1464,33
1262,109387,84,pair_008_n3_008_conflict,conflict,1,0,0,12.420000000000002,0.11768999999999999,1100000,5900768,50194,599,2600518,0,0,0,0.0,1464,1464,0,0,283,1181,0,1464,33
1263,109460,73,pair_004_n5_004_control,control,1,0,0,12.530000000000001,0.11756833333333333,1100000,5905440,50216,599,2602309,0,0,0,0.0,1464,1464,0,0,283,1181,0,1464,33
1264,109531,71,pair_015_n3_015_control,control,1,0,0,12.55,0.11745,1100000,5909984,50253,599,2604137,0,0,0,0.0,1465,1465,0,0,284,1181,0,1465,33
1265,109606,75,pair_001_n5_001_control,control,1,0,0,12.510000000000002,0.11732499999999998,1100000,5914784,50282,600,2606037,0,0,0,0.0,1465,1465,0,0,284,1181,0,1465,33
1266,109684,78,pair_013_n5_013_conflict,conflict,1,0,0,12.480000000000002,0.117195,1100000,5919776,50325,600,2608028,0,0,0,0.0,1466,1466,0,0,285,1181,0,1466,33
1267,109760,76,pair_015_n5_015_conflict,conflict,1,0,0,12.500000000000002,0.11706833333333333,1100000,5924640,50364,600,2609905,0,0,0,0.0,1467,1467,0,0,286,1181,0,1467,33
1268,109839,79,pair_004_n3_004_control,control,1,0,0,12.470000000000002,0.11693666666666666,1100000,5929696,50394,601,2611956,0,0,0,0.0,1468,1468,0,0,286,1182,0,1468,33
1269,109911,72,pair_007_n3_007_conflict,conflict,1,0,0,12.540000000000001,0.11681666666666665,1100000,5934304,50420,602,2613798,0,0,0,0.0,1470,1470,0,0,288,1182,0,1470,33
1270,109982,71,pair_015_n5_015_control,control,1,0,0,12.55,0.11669833333333332,1100000,5938848,50469,602,2615603,0,0,0,0.0,1471,1471,0,0,289,1182,0,1471,33
1271,110060,78,pair_000_n5_000_control,control,1,0,0,12.480000000000002,0.11656833333333333,1100000,5943840,50510,604,2617625,0,0,0,0.0,1473,1473,0,0,289,1184,0,1473,33
1272,110139,79,pair_012_n5_012_conflict,conflict,1,0,0,12.470000000000002,0.11643666666666666,1100000,5948896,50541,605,2619679,0,0,0,0.0,1475,1475,0,0,289,1186,0,1475,33
1273,110214,75,pair_008_n5_008_conflict,conflict,1,0,0,12.510000000000002,0.11631166666666665,1100000,5953696,50586,606,2621606,0,0,0,0.0,1477,1477,0,0,290,1187,0,1477,33
1274,110286,72,pair_002_n5_002_control,control,1,0,0,12.540000000000003,0.11619166666666667,1100000,5958304,50629,607,2623478,0,0,0,0.0,1480,1480,0,0,292,1188,0,1480,33
1275,110362,76,pair_002_n3_002_conflict,conflict,1,0,0,12.500000000000002,0.116065,1100000,5963168,50658,607,2625547,0,0,0,0.0,1481,1481,0,0,292,1189,0,1481,33
1276,110443,81,pair_003_n3_003_control,control,1,0,0,12.450000000000003,0.11592999999999998,1100000,5968352,50675,607,2627683,0,0,0,0.0,1481,1481,0,0,292,1189,0,1481,33
1277,110513,70,pair_017_n5_017_control,control,1,0,0,12.560000000000002,0.11581333333333332,1100000,5972832,50719,607,2629469,0,0,0,0.0,1483,1483,0,0,293,1190,0,1483,33
1278,110595,82,pair_008_n3_008_control,control,1,0,0,12.440000000000001,0.11567666666666665,1100000,5978080,50738,608,2631603,0,0,0,0.0,1486,1486,0,0,293,1193,0,1486,33
1279,110674,79,pair_001_n3_001_control,control,1,0,0,12.470000000000002,0.11554499999999998,1100000,5983136,50771,608,2633701,0,0,0,0.0,1487,1487,0,0,293,1194,0,1487,33
1280,110754,80,pair_017_n5_017_conflict,conflict,1,0,0,12.46,0.11541166666666666,1100000,5988256,50818,611,2635815,0,0,0,0.0,1489,1489,0,0,294,1195,0,1489,33
1281,110829,75,pair_017_n3_017_control,control,1,0,0,12.510000000000002,0.11528666666666665,1100000,5993056,50854,611,2637831,0,0,0,0.0,1490,1490,0,0,295,1195,0,1490,33
1282,110912,83,pair_000_n3_000_control,control,1,0,0,12.430000000000001,0.11514833333333332,1100000,5998368,50892,612,2639945,0,0,0,0.0,1492,1492,0,0,295,1197,0,1492,33
1283,110985,73,pair_014_n3_014_control,control,1,0,0,12.530000000000001,0.11502666666666667,1100000,6003040,50925,612,2641836,0,0,0,0.0,1493,1493,0,0,296,1197,0,1493,33
1284,111065,80,pair_012_n3_012_conflict,conflict,1,0,0,12.46,0.11489333333333332,1100000,6008160,50960,612,2644008,0,0,0,0.0,1493,1493,0,0,296,1197,0,1493,33
1285,111142,77,pair_000_n5_000_conflict,conflict,1,0,0,12.490000000000002,0.11476499999999998,1100000,6013088,50987,612,2646066,0,0,0,0.0,1494,1494,0,0,296,1198,0,1494,33
1286,111219,77,pair_007_n3_007_control,control,1,0,0,12.490000000000002,0.11463666666666666,1100000,6018016,51016,613,2648085,0,0,0,0.0,1496,1496,0,0,297,1199,0,1496,33
1287,111296,77,pair_011_n3_011_conflict,conflict,1,0,0,12.490000000000002,0.11450833333333332,1100000,6022944,51030,614,2650166,0,0,0,0.0,1497,1497,0,0,297,1200,0,1497,33
1288,111379,83,pair_010_n3_010_conflict,conflict,1,0,0,12.430000000000001,0.11437,1100000,6028256,51043,615,2652329,0,0,0,0.0,1498,1498,0,0,298,1200,0,1498,33
1289,111461,82,pair_013_n5_013_control,control,1,0,0,12.440000000000001,0.11423333333333333,1100000,6033504,51087,615,2654508,0,0,0,0.0,1499,1499,0,0,299,1200,0,1499,33
1290,111537,76,pair_003_n5_003_conflict,conflict,1,0,0,12.500000000000002,0.11410666666666666,1100000,6038368,51125,616,2656408,0,0,0,0.0,1499,1499,0,0,299,1200,0,1499,33
1291,111616,79,pair_010_n5_010_control,control,1,0,0,12.470000000000002,0.11397499999999999,1100000,6043424,51148,616,2658504,0,0,0,0.0,1501,1501,0,0,299,1202,0,1501,33
1292,111698,82,pair_003_n5_003_control,control,1,0,0,12.440000000000001,0.11383833333333332,1100000,6048672,51186,617,2660691,0,0,0,0.0,1504,1504,0,0,299,1205,0,1504,33
1293,111779,81,pair_005_n5_005_conflict,conflict,1,0,0,12.450000000000001,0.11370333333333332,1100000,6053856,51250,618,2662892,0,0,0,0.0,1508,1508,0,0,301,1207,0,1508,33
1294,111855,76,pair_004_n5_004_conflict,conflict,1,0,0,12.500000000000002,0.11357666666666666,1100000,6058720,51288,620,2664938,0,0,0,0.0,1509,1509,0,0,301,1208,0,1509,33
1295,111940,85,pair_006_n3_006_control,control,1,0,0,12.410000000000002,0.11343499999999998,1100000,6064160,51312,621,2667203,0,0,0,0.0,1513,1513,0,0,305,1208,0,1513,33
1296,112015,75,pair_002_n5_002_conflict,conflict,1,0,0,12.510000000000002,0.11331,1100000,6068960,51338,621,2669170,0,0,0,0.0,1514,1514,0,0,306,1208,0,1514,33
1297,112088,73,pair_008_n5_008_control,control,1,0,0,12.530000000000001,0.11318833333333334,1100000,6073632,51359,621,2671119,0,0,0,0.0,1514,1514,0,0,306,1208,0,1514,33
1298,112167,79,pair_013_n3_013_control,control,1,0,0,12.470000000000002,0.11305666666666667,1100000,6078688,51404,621,2673208,0,0,0,0.0,1515,1515,0,0,306,1209,0,1515,33
1299,112239,72,pair_009_n5_009_conflict,conflict,1,0,0,12.540000000000001,0.11293666666666666,1100000,6083296,51442,621,2675169,0,0,0,0.0,1516,1516,0,0,306,1210,0,1516,33
1300,112312,73,pair_015_n3_015_conflict,conflict,1,0,0,12.530000000000001,0.112815,1100000,6087968,51498,621,2677083,0,0,0,0.0,1516,1516,0,0,306,1210,0,1516,33
1301,112383,71,pair_009_n5_009_control,control,1,0,0,12.55,0.11269666666666667,1100000,6092512,51531,621,2679003,0,0,0,0.0,1516,1516,0,0,306,1210,0,1516,33
1302,112460,77,pair_011_n3_011_conflict,conflict,1,0,0,12.490000000000002,0.11256833333333333,1100000,6097440,51548,621,2681064,0,0,0,0.0,1516,1516,0,0,306,1210,0,1516,33
1303,112531,71,pair_004_n5_004_control,control,1,0,0,12.55,0.11245,1100000,6101984,51570,621,2682902,0,0,0,0.0,1516,1516,0,0,306,1210,0,1516,33
1304,112603,72,pair_017_n3_017_conflict,conflict,1,0,0,12.540000000000001,0.11232999999999999,1100000,6106592,51609,622,2684818,0,0,0,0.0,1518,1518,0,0,306,1212,0,1518,33
1305,112678,75,pair_013_n5_013_conflict,conflict,1,0,0,12.510000000000002,0.112205,1100000,6111392,51626,622,2686810,0,0,0,0.0,1518,1518,0,0,306,1212,0,1518,33
1306,112756,78,pair_010_n5_010_control,control,1,0,0,12.480000000000002,0.11207499999999998,1100000,6116384,51638,622,2688828,0,0,0,0.0,1518,1518,0,0,306,1212,0,1518,33
1307,112829,73,pair_012_n3_012_control,control,1,0,0,12.530000000000001,0.11195333333333332,1100000,6121056,51664,622,2690769,0,0,0,0.0,1518,1518,0,0,306,1212,0,1518,33
1308,112910,81,pair_015_n3_015_control,control,1,0,0,12.450000000000001,0.11181833333333333,1100000,6126240,51700,622,2692874,0,0,0,0.0,1518,1518,0,0,306,1212,0,1518,33
1309,112988,78,pair_017_n3_017_control,control,1,0,0,12.48,0.11168833333333333,1100000,6131232,51730,622,2694950,0,0,0,0.0,1518,1518,0,0,306,1212,0,1518,33
1310,113066,78,pair_000_n3_000_conflict,conflict,1,0,0,12.48,0.11155833333333331,1100000,6136224,51771,623,2697040,0,0,0,0.0,1518,1518,0,0,306,1212,0,1518,33
1311,113144,78,pair_006_n5_006_control,control,1,0,0,12.48,0.11142833333333332,1100000,6141216,51825,624,2699080,0,0,0,0.0,1518,1518,0,0,306,1212,0,1518,33
1312,113222,78,pair_003_n3_003_conflict,conflict,1,0,0,12.48,0.11129833333333333,1100000,6146208,51842,625,2701167,0,0,0,0.0,1519,1519,0,0,306,1213,0,1519,33
1313,113301,79,pair_006_n5_006_conflict,conflict,1,0,0,12.470000000000002,0.11116666666666666,1100000,6151264,51887,625,2703278,0,0,0,0.0,1520,1520,0,0,307,1213,0,1520,33
1314,113379,78,pair_002_n5_002_control,control,1,0,0,12.48,0.11103666666666664,1100000,6156256,51930,628,2705413,0,0,0,0.0,1524,1524,0,0,308,1216,0,1524,33
1315,113451,72,pair_017_n5_017_control,control,1,0,0,12.540000000000003,0.11091666666666666,1100000,6160864,51961,628,2707330,0,0,0,0.0,1524,1524,0,0,308,1216,0,1524,33
1316,113523,72,pair_016_n5_016_conflict,conflict,1,0,0,12.540000000000001,0.11079666666666665,1100000,6165472,52008,628,2709173,0,0,0,0.0,1525,1525,0,0,308,1217,0,1525,33
1317,113595,72,pair_001_n5_001_control,control,1,0,0,12.540000000000001,0.11067666666666665,1100000,6170080,52036,631,2711130,0,0,0,0.0,1529,1529,0,0,308,1221,0,1529,33
1318,113667,72,pair_013_n3_013_conflict,conflict,1,0,0,12.540000000000003,0.11055666666666666,1100000,6174688,52089,631,2713021,0,0,0,0.0,1529,1529,0,0,308,1221,0,1529,33
1319,113755,88,pair_009_n3_009_control,control,1,0,0,12.38,0.11040999999999998,1100000,6180320,52144,634,2715336,0,0,0,0.0,1534,1534,0,0,308,1226,0,1534,33
1320,113845,90,pair_005_n3_005_control,control,1,0,0,12.360000000000001,0.11026,1100000,6186080,52175,637,2717830,0,0,0,0.0,1537,1537,0,0,308,1229,0,1537,33
1321,113939,94,pair_003_n5_003_conflict,conflict,1,0,0,12.320000000000002,0.11010333333333333,1100000,6192096,52249,639,2720359,0,0,0,0.0,1542,1542,0,0,311,1231,0,1542,33
1322,114018,79,pair_008_n3_008_control,control,1,0,0,12.470000000000002,0.10997166666666666,1100000,6197152,52262,639,2722503,0,0,0,0.0,1543,1543,0,0,311,1232,0,1543,33
1323,114091,73,pair_007_n5_007_conflict,conflict,1,0,0,12.530000000000001,0.10984999999999998,1100000,6201824,52315,640,2724529,0,0,0,0.0,1547,1547,0,0,311,1236,0,1547,33
1324,114166,75,pair_011_n5_011_conflict,conflict,1,0,0,12.510000000000002,0.10972499999999999,1100000,6206624,52343,640,2726624,0,0,0,0.0,1547,1547,0,0,311,1236,0,1547,33
1325,114246,80,pair_016_n5_016_control,control,1,0,0,12.46,0.10959166666666664,1100000,6211744,52403,640,2728906,0,0,0,0.0,1551,1551,0,0,313,1238,0,1551,33
1326,114325,79,pair_010_n5_010_conflict,conflict,1,0,0,12.470000000000002,0.10946,1100000,6216800,52415,640,2731105,0,0,0,0.0,1553,1553,0,0,313,1240,0,1553,33
1327,114405,80,pair_002_n3_002_control,control,1,0,0,12.46,0.10932666666666666,1100000,6221920,52450,640,2733400,0,0,0,0.0,1554,1554,0,0,313,1241,0,1554,33
1328,114477,72,pair_008_n3_008_conflict,conflict,1,0,0,12.540000000000003,0.10920666666666665,1100000,6226528,52463,641,2735434,0,0,0,0.0,1555,1555,0,0,313,1242,0,1555,33
1329,114559,82,pair_014_n5_014_control,control,1,0,0,12.440000000000001,0.10907,1100000,6231776,52496,641,2737699,0,0,0,0.0,1555,1555,0,0,313,1242,0,1555,33
1330,114636,77,pair_006_n3_006_conflict,conflict,1,0,0,12.490000000000002,0.10894166666666666,1100000,6236704,52522,641,2739834,0,0,0,0.0,1555,1555,0,0,313,1242,0,1555,33
1331,114710,74,pair_007_n3_007_conflict,conflict,1,0,0,12.520000000000001,0.10881833333333332,1100000,6241440,52571,642,2741900,0,0,0,0.0,1559,1559,0,0,314,1245,0,1559,33
1332,114783,73,pair_001_n3_001_control,control,1,0,0,12.530000000000001,0.10869666666666666,1100000,6246112,52605,642,2743913,0,0,0,0.0,1559,1559,0,0,314,1245,0,1559,33
1333,114867,84,pair_007_n3_007_control,control,1,0,0,12.420000000000002,0.10855666666666666,1100000,6251488,52652,642,2746253,0,0,0,0.0,1560,1560,0,0,315,1245,0,1560,33
1334,114937,70,pair_001_n3_001_conflict,conflict,1,0,0,12.560000000000002,0.10843999999999998,1100000,6255968,52685,642,2748155,0,0,0,0.0,1560,1560,0,0,315,1245,0,1560,33
1335,115006,69,pair_003_n3_003_control,control,1,0,0,12.570000000000002,0.10832499999999998,1100000,6260384,52712,642,2750063,0,0,0,0.0,1560,1560,0,0,315,1245,0,1560,33
1336,115086,80,pair_014_n3_014_control,control,1,0,0,12.46,0.10819166666666666,1100000,6265504,52757,643,2752349,0,0,0,0.0,1562,1562,0,0,317,1245,0,1562,33
1337,115164,78,pair_014_n3_014_conflict,conflict,1,0,0,12.48,0.10806166666666667,1100000,6270496,52792,643,2754622,0,0,0,0.0,1563,1563,0,0,318,1245,0,1563,33
1338,115237,73,pair_004_n3_004_conflict,conflict,1,0,0,12.530000000000001,0.10793999999999998,1100000,6275168,52818,643,2756663,0,0,0,0.0,1563,1563,0,0,318,1245,0,1563,33
1339,115306,69,pair_009_n3_009_conflict,conflict,1,0,0,12.570000000000002,0.10782499999999998,1100000,6279584,52858,643,2758590,0,0,0,0.0,1564,1564,0,0,319,1245,0,1564,33
1340,115378,72,pair_006_n3_006_control,control,1,0,0,12.540000000000001,0.107705,1100000,6284192,52899,643,2760613,0,0,0,0.0,1565,1565,0,0,320,1245,0,1565,33
1341,115455,77,pair_015_n5_015_conflict,conflict,1,0,0,12.490000000000002,0.10757666666666665,1100000,6289120,52958,643,2762741,0,0,0,0.0,1566,1566,0,0,321,1245,0,1566,33
1342,115532,77,pair_012_n5_012_conflict,conflict,1,0,0,12.490000000000002,0.10744833333333331,1100000,6294048,53008,643,2764887,0,0,0,0.0,1567,1567,0,0,322,1245,0,1567,33
1343,115614,82,pair_004_n5_004_conflict,conflict,1,0,0,12.440000000000001,0.10731166666666667,1100000,6299296,53036,643,2767238,0,0,0,0.0,1567,1567,0,0,322,1245,0,1567,33
1344,115687,73,pair_001_n5_001_conflict,conflict,1,0,0,12.530000000000001,0.10718999999999998,1100000,6303968,53076,643,2769362,0,0,0,0.0,1567,1567,0,0,322,1245,0,1567,33
1345,115760,73,pair_004_n3_004_control,control,1,0,0,12.530000000000001,0.10706833333333332,1100000,6308640,53098,643,2771448,0,0,0,0.0,1568,1568,0,0,322,1246,0,1568,33
1346,115838,78,pair_012_n3_012_conflict,conflict,1,0,0,12.48,0.10693833333333333,1100000,6313632,53129,643,2773648,0,0,0,0.0,1569,1569,0,0,323,1246,0,1569,33
1347,115911,73,pair_015_n5_015_control,control,1,0,0,12.530000000000001,0.10681666666666664,1100000,6318304,53187,643,2775766,0,0,0,0.0,1571,1571,0,0,324,1247,0,1571,33
1348,115986,75,pair_005_n3_005_conflict,conflict,1,0,0,12.510000000000002,0.10669166666666666,1100000,6323104,53229,643,2777904,0,0,0,0.0,1571,1571,0,0,324,1247,0,1571,33
1349,116055,69,pair_017_n5_017_conflict,conflict,1,0,0,12.570000000000002,0.10657666666666665,1100000,6327520,53270,643,2779905,0,0,0,0.0,1572,1572,0,0,325,1247,0,1572,33
1350,116126,71,pair_000_n5_000_control,control,1,0,0,12.55,0.10645833333333332,1100000,6332064,53315,643,2781982,0,0,0,0.0,1572,1572,0,0,325,1247,0,1572,33
1351,116201,75,pair_016_n3_016_control,control,1,0,0,12.510000000000002,0.10633333333333334,1100000,6336864,53344,643,2784225,0,0,0,0.0,1573,1573,0,0,326,1247,0,1573,33
1352,116276,75,pair_016_n3_016_conflict,conflict,1,0,0,12.510000000000002,0.10620833333333332,1100000,6341664,53384,643,2786465,0,0,0,0.0,1574,1574,0,0,326,1248,0,1574,33
1353,116356,80,pair_011_n3_011_control,control,1,0,0,12.46,0.106075,1100000,6346784,53407,643,2788746,0,0,0,0.0,1574,1574,0,0,326,1248,0,1574,33
1354,116429,73,pair_008_n5_008_conflict,conflict,1,0,0,12.530000000000001,0.10595333333333332,1100000,6351456,53445,643,2790889,0,0,0,0.0,1575,1575,0,0,327,1248,0,1575,33
1355,116506,77,pair_002_n3_002_conflict,conflict,1,0,0,12.490000000000002,0.105825,1100000,6356384,53481,643,2793080,0,0,0,0.0,1575,1575,0,0,327,1248,0,1575,33
1356,116585,79,pair_007_n5_007_control,control,1,0,0,12.470000000000002,0.10569333333333333,1100000,6361440,53522,643,2795357,0,0,0,0.0,1577,1577,0,0,328,1249,0,1577,33
1357,116657,72,pair_012_n5_012_control,control,1,0,0,12.540000000000001,0.10557333333333332,1100000,6366048,53564,645,2797408,0,0,0,0.0,1580,1580,0,0,329,1251,0,1580,33
1358,116734,77,pair_005_n5_005_control,control,1,0,0,12.490000000000002,0.10544499999999998,1100000,6370976,53602,645,2799640,0,0,0,0.0,1580,1580,0,0,329,1251,0,1580,33
1359,116810,76,pair_013_n5_013_control,control,1,0,0,12.500000000000002,0.10531833333333332,1100000,6375840,53632,645,2801873,0,0,0,0.0,1580,1580,0,0,329,1251,0,1580,33
1360,116891,81,pair_014_n5_014_conflict,conflict,1,0,0,12.450000000000001,0.10518333333333332,1100000,6381024,53695,645,2804284,0,0,0,0.0,1582,1582,0,0,330,1252,0,1582,33
1361,116963,72,pair_011_n5_011_control,control,1,0,0,12.540000000000003,0.10506333333333331,1100000,6385632,53735,646,2806333,0,0,0,0.0,1584,1584,0,0,331,1253,0,1584,33
1362,117036,73,pair_010_n3_010_conflict,conflict,1,0,0,12.530000000000001,0.10494166666666666,1100000,6390304,53749,647,2808506,0,0,0,0.0,1585,1585,0,0,331,1254,0,1585,33
1363,117121,85,pair_000_n5_000_conflict,conflict,1,0,0,12.410000000000002,0.10479999999999998,1100000,6395744,53799,649,2810891,0,0,0,0.0,1589,1589,0,0,332,1257,0,1589,33
1364,117193,72,pair_000_n3_000_control,control,1,0,0,12.540000000000003,0.10468,1100000,6400352,53828,651,2812961,0,0,0,0.0,1591,1591,0,0,332,1259,0,1591,33
1365,117281,88,pair_003_n5_003_control,control,1,0,0,12.38,0.10453333333333331,1100000,6405984,53855,651,2815501,0,0,0,0.0,1593,1593,0,0,332,1261,0,1593,33
1366,117350,69,pair_010_n3_010_control,control,1,0,0,12.570000000000002,0.10441833333333334,1100000,6410400,53865,651,2817509,0,0,0,0.0,1594,1594,0,0,332,1262,0,1594,33
1367,117421,71,pair_005_n5_005_conflict,conflict,1,0,0,12.55,0.10429999999999998,1100000,6414944,53892,651,2819550,0,0,0,0.0,1596,1596,0,0,332,1264,0,1596,33
1368,117499,78,pair_008_n3_008_control,control,1,0,0,12.48,0.10416999999999998,1100000,6419936,53905,651,2821772,0,0,0,0.0,1596,1596,0,0,332,1264,0,1596,33
1369,117570,71,pair_009_n3_009_conflict,conflict,1,0,0,12.55,0.10405166666666665,1100000,6424480,53941,652,2823841,0,0,0,0.0,1597,1597,0,0,332,1265,0,1597,33
1370,117639,69,pair_002_n5_002_conflict,conflict,1,0,0,12.570000000000002,0.10393666666666665,1100000,6428896,53968,653,2825873,0,0,0,0.0,1598,1598,0,0,332,1266,0,1598,33
1371,117716,77,pair_004_n5_004_control,control,1,0,0,12.490000000000002,0.10380833333333334,1100000,6433824,53995,654,2828158,0,0,0,0.0,1599,1599,0,0,332,1267,0,1599,33
1372,117792,76,pair_007_n3_007_conflict,conflict,1,0,0,12.500000000000002,0.10368166666666664,1100000,6438688,54030,655,2830364,0,0,0,0.0,1600,1600,0,0,332,1268,0,1600,33
1373,117877,85,pair_015_n3_015_conflict,conflict,1,0,0,12.410000000000002,0.10354,1100000,6444128,54065,655,2832793,0,0,0,0.0,1600,1600,0,0,332,1268,0,1600,33
1374,117945,68,pair_006_n5_006_conflict,conflict,1,0,0,12.580000000000002,0.10342666666666667,1100000,6448480,54100,655,2834762,0,0,0,0.0,1601,1601,0,0,332,1269,0,1601,33
1375,118015,70,pair_006_n3_006_control,control,1,0,0,12.560000000000002,0.10330999999999999,1100000,6452960,54124,655,2836809,0,0,0,0.0,1601,1601,0,0,332,1269,0,1601,33
1376,118090,75,pair_001_n3_001_control,control,1,0,0,12.510000000000002,0.103185,1100000,6457760,54133,655,2838996,0,0,0,0.0,1601,1601,0,0,332,1269,0,1601,33
1377,118163,73,pair_008_n5_008_control,control,1,0,0,12.530000000000001,0.10306333333333331,1100000,6462432,54183,655,2841178,0,0,0,0.0,1601,1601,0,0,332,1269,0,1601,33
1378,118235,72,pair_005_n5_005_control,control,1,0,0,12.540000000000001,0.10294333333333333,1100000,6467040,54221,655,2843208,0,0,0,0.0,1601,1601,0,0,332,1269,0,1601,33
1379,118304,69,pair_017_n3_017_conflict,conflict,1,0,0,12.570000000000002,0.10282833333333333,1100000,6471456,54253,655,2845150,0,0,0,0.0,1601,1601,0,0,332,1269,0,1601,33
1380,118374,70,pair_000_n3_000_control,control,1,0,0,12.560000000000002,0.10271166666666665,1100000,6475936,54280,655,2847216,0,0,0,0.0,1602,1602,0,0,332,1270,0,1602,33
1381,118440,66,pair_004_n3_004_conflict,conflict,1,0,0,12.600000000000001,0.10260166666666665,1100000,6480160,54299,655,2849188,0,0,0,0.0,1602,1602,0,0,332,1270,0,1602,33
1382,118519,79,pair_001_n5_001_control,control,1,0,0,12.470000000000002,0.10246999999999998,1100000,6485216,54310,655,2851500,0,0,0,0.0,1602,1602,0,0,332,1270,0,1602,33
1383,118604,85,pair_010_n3_010_conflict,conflict,1,0,0,12.410000000000002,0.10232833333333333,1100000,6490656,54321,655,2853952,0,0,0,0.0,1602,1602,0,0,332,1270,0,1602,33
1384,118678,74,pair_012_n3_012_control,control,1,0,0,12.520000000000001,0.10220499999999999,1100000,6495392,54345,655,2856076,0,0,0,0.0,1602,1602,0,0,332,1270,0,1602,33
1385,118747,69,pair_011_n3_011_control,control,1,0,0,12.570000000000002,0.10208999999999999,1100000,6499808,54359,655,2858085,0,0,0,0.0,1602,1602,0,0,332,1270,0,1602,33
1386,118830,83,pair_001_n3_001_conflict,conflict,1,0,0,12.430000000000001,0.10195166666666666,1100000,6505120,54375,655,2860380,0,0,0,0.0,1603,1603,0,0,332,1271,0,1603,33
1387,118901,71,pair_006_n5_006_control,control,1,0,0,12.55,0.10183333333333333,1100000,6509664,54417,655,2862385,0,0,0,0.0,1603,1603,0,0,332,1271,0,1603,33
1388,118970,69,pair_008_n5_008_conflict,conflict,1,0,0,12.570000000000002,0.10171833333333333,1100000,6514080,54437,655,2864330,0,0,0,0.0,1603,1603,0,0,332,1271,0,1603,33
1389,119046,76,pair_010_n5_010_control,control,1,0,0,12.500000000000002,0.10159166666666666,1100000,6518944,54457,655,2866436,0,0,0,0.0,1604,1604,0,0,332,1272,0,1604,33
1390,119127,81,pair_003_n5_003_conflict,conflict,1,0,0,12.450000000000001,0.10145666666666667,1100000,6524128,54482,656,2868735,0,0,0,0.0,1605,1605,0,0,333,1272,0,1605,33
1391,119212,85,pair_005_n3_005_conflict,conflict,1,0,0,12.410000000000002,0.10131499999999999,1100000,6529568,54512,657,2871120,0,0,0,0.0,1606,1606,0,0,333,1273,0,1606,33
1392,119287,75,pair_017_n5_017_conflict,conflict,1,0,0,12.510000000000002,0.10119,1100000,6534368,54566,657,2873181,0,0,0,0.0,1607,1607,0,0,334,1273,0,1607,33
1393,119366,79,pair_007_n5_007_conflict,conflict,1,0,0,12.470000000000002,0.10105833333333333,1100000,6539424,54609,657,2875388,0,0,0,0.0,1609,1609,0,0,335,1274,0,1609,33
1394,119433,67,pair_006_n3_006_conflict,conflict,1,0,0,12.590000000000002,0.10094666666666666,1100000,6543712,54630,657,2877310,0,0,0,0.0,1609,1609,0,0,335,1274,0,1609,33
1395,119502,69,pair_015_n5_015_conflict,conflict,1,0,0,12.570000000000002,0.10083166666666665,1100000,6548128,54659,657,2879256,0,0,0,0.0,1609,1609,0,0,335,1274,0,1609,33
1396,119572,70,pair_004_n5_004_conflict,conflict,1,0,0,12.560000000000002,0.100715,1100000,6552608,54682,657,2881223,0,0,0,0.0,1609,1609,0,0,335,1274,0,1609,33
1397,119640,68,pair_004_n3_004_control,control,1,0,0,12.580000000000002,0.10060166666666664,1100000,6556960,54704,657,2883126,0,0,0,0.0,1609,1609,0,0,335,1274,0,1609,33
1398,119728,88,pair_000_n3_000_conflict,conflict,1,0,0,12.380000000000003,0.10045499999999999,1100000,6562592,54746,657,2885616,0,0,0,0.0,1609,1609,0,0,335,1274,0,1609,33
1399,119809,81,pair_003_n3_003_control,control,1,0,0,12.450000000000003,0.10031999999999999,1100000,6567776,54772,657,2887944,0,0,0,0.0,1609,1609,0,0,335,1274,0,1609,33
1400,119885,76,pair_009_n5_009_conflict,conflict,1,0,0,12.500000000000002,0.10019333333333333,1100000,6572640,54840,657,2890109,0,0,0,0.0,1610,1610,0,0,335,1275,0,1610,33
1401,119958,73,pair_002_n3_002_conflict,conflict,1,0,0,12.530000000000001,0.10007166666666664,1100000,6577312,54861,657,2892206,0,0,0,0.0,1611,1611,0,0,336,1275,0,1611,33
1402,120031,73,pair_002_n3_002_control,control,1,0,0,12.530000000000001,0.09994999999999998,1100000,6581984,54884,657,2894258,0,0,0,0.0,1611,1611,0,0,336,1275,0,1611,33
1403,120103,72,pair_011_n5_011_control,control,1,0,0,12.540000000000001,0.09983,1100000,6586592,54917,658,2896255,0,0,0,0.0,1612,1612,0,0,336,1276,0,1612,33
1404,120179,76,pair_016_n5_016_conflict,conflict,1,0,0,12.500000000000002,0.09970333333333331,1100000,6591456,54963,659,2898416,0,0,0,0.0,1616,1616,0,0,338,1278,0,1616,33
1405,120261,82,pair_016_n3_016_conflict,conflict,1,0,0,12.440000000000001,0.09956666666666666,1100000,6596704,55007,659,2900737,0,0,0,0.0,1618,1618,0,0,338,1280,0,1618,33
1406,120343,82,pair_009_n5_009_control,control,1,0,0,12.440000000000001,0.09942999999999999,1100000,6601952,55059,660,2903114,0,0,0,0.0,1621,1621,0,0,338,1283,0,1621,33
1407,120416,73,pair_013_n3_013_control,control,1,0,0,12.530000000000001,0.09930833333333333,1100000,6606624,55078,660,2905226,0,0,0,0.0,1622,1622,0,0,339,1283,0,1622,33
1408,120488,72,pair_007_n5_007_control,control,1,0,0,12.540000000000001,0.09918833333333332,1100000,6611232,55111,660,2907341,0,0,0,0.0,1622,1622,0,0,339,1283,0,1622,33
1409,120561,73,pair_011_n3_011_conflict,conflict,1,0,0,12.530000000000001,0.09906666666666666,1100000,6615904,55134,660,2909418,0,0,0,0.0,1622,1622,0,0,339,1283,0,1622,33
1410,120634,73,pair_013_n3_013_conflict,conflict,1,0,0,12.530000000000001,0.09894499999999998,1100000,6620576,55170,660,2911525,0,0,0,0.0,1622,1622,0,0,339,1283,0,1622,33
1411,120716,82,pair_014_n5_014_control,control,1,0,0,12.440000000000001,0.09880833333333333,1100000,6625824,55241,661,2913897,0,0,0,0.0,1626,1626,0,0,341,1285,0,1626,33
1412,120788,72,pair_012_n3_012_conflict,conflict,1,0,0,12.540000000000001,0.09868833333333332,1100000,6630432,55271,661,2915958,0,0,0,0.0,1627,1627,0,0,342,1285,0,1627,33
1413,120863,75,pair_013_n5_013_conflict,conflict,1,0,0,12.510000000000002,0.09856333333333331,1100000,6635232,55309,661,2918159,0,0,0,0.0,1628,1628,0,0,343,1285,0,1628,33
1414,120936,73,pair_003_n3_003_conflict,conflict,1,0,0,12.530000000000001,0.09844166666666665,1100000,6639904,55320,661,2920261,0,0,0,0.0,1629,1629,0,0,343,1286,0,1629,33
1415,121012,76,pair_002_n5_002_control,control,1,0,0,12.500000000000002,0.09831499999999999,1100000,6644768,55348,661,2922442,0,0,0,0.0,1629,1629,0,0,343,1286,0,1629,33
1416,121092,80,pair_008_n3_008_conflict,conflict,1,0,0,12.46,0.09818166666666667,1100000,6649888,55378,661,2924692,0,0,0,0.0,1629,1629,0,0,343,1286,0,1629,33
1417,121170,78,pair_012_n5_012_conflict,conflict,1,0,0,12.48,0.09805166666666665,1100000,6654880,55429,661,2926883,0,0,0,0.0,1630,1630,0,0,344,1286,0,1630,33
1418,121242,72,pair_003_n5_003_control,control,1,0,0,12.540000000000001,0.09793166666666667,1100000,6659488,55456,662,2928936,0,0,0,0.0,1631,1631,0,0,344,1287,0,1631,33
1419,121312,70,pair_000_n5_000_control,control,1,0,0,12.560000000000002,0.09781499999999999,1100000,6663968,55487,662,2930932,0,0,0,0.0,1631,1631,0,0,344,1287,0,1631,33
1420,121397,85,pair_010_n5_010_conflict,conflict,1,0,0,12.410000000000002,0.09767333333333333,1100000,6669408,55510,663,2933339,0,0,0,0.0,1632,1632,0,0,345,1287,0,1632,33
1421,121479,82,pair_015_n5_015_control,control,1,0,0,12.440000000000001,0.09753666666666666,1100000,6674656,55546,663,2935729,0,0,0,0.0,1633,1633,0,0,345,1288,0,1633,33
1422,121548,69,pair_000_n5_000_conflict,conflict,1,0,0,12.570000000000002,0.09742166666666666,1100000,6679072,55594,664,2937747,0,0,0,0.0,1636,1636,0,0,345,1291,0,1636,33
1423,121616,68,pair_017_n3_017_control,control,1,0,0,12.580000000000002,0.09730833333333333,1100000,6683424,55622,664,2939710,0,0,0,0.0,1637,1637,0,0,346,1291,0,1637,33
1424,121690,74,pair_001_n5_001_conflict,conflict,1,0,0,12.520000000000001,0.097185,1100000,6688160,55637,664,2941819,0,0,0,0.0,1637,1637,0,0,346,1291,0,1637,33
1425,121763,73,pair_012_n5_012_control,control,1,0,0,12.530000000000001,0.09706333333333333,1100000,6692832,55677,666,2943895,0,0,0,0.0,1639,1639,0,0,348,1291,0,1639,33
1426,121841,78,pair_005_n5_005_conflict,conflict,1,0,0,12.48,0.09693333333333332,1100000,6697824,55702,666,2946143,0,0,0,0.0,1640,1640,0,0,349,1291,0,1640,33
1427,121916,75,pair_014_n3_014_conflict,conflict,1,0,0,12.510000000000002,0.09680833333333333,1100000,6702624,55735,666,2948323,0,0,0,0.0,1640,1640,0,0,349,1291,0,1640,33
1428,121989,73,pair_011_n5_011_conflict,conflict,1,0,0,12.530000000000001,0.09668666666666664,1100000,6707296,55768,666,2950381,0,0,0,0.0,1641,1641,0,0,350,1291,0,1641,33
1429,122062,73,pair_010_n3_010_control,control,1,0,0,12.530000000000001,0.09656499999999998,1100000,6711968,55793,666,2952438,0,0,0,0.0,1641,1641,0,0,350,1291,0,1641,33
1430,122142,80,pair_009_n3_009_control,control,1,0,0,12.46,0.09643166666666667,1100000,6717088,55826,667,2954706,0,0,0,0.0,1644,1644,0,0,352,1292,0,1644,33
1431,122218,76,pair_017_n5_017_control,control,1,0,0,12.500000000000002,0.096305,1100000,6721952,55872,667,2956848,0,0,0,0.0,1645,1645,0,0,353,1292,0,1645,33
1432,122292,74,pair_013_n5_013_control,control,1,0,0,12.520000000000001,0.09618166666666667,1100000,6726688,55902,669,2958947,0,0,0,0.0,1647,1647,0,0,354,1293,0,1647,33
1433,122362,70,pair_016_n3_016_control,control,1,0,0,12.560000000000002,0.09606499999999998,1100000,6731168,55941,669,2960978,0,0,0,0.0,1648,1648,0,0,355,1293,0,1648,33
1434,122433,71,pair_015_n3_015_control,control,1,0,0,12.55,0.09594666666666665,1100000,6735712,55965,670,2962980,0,0,0,0.0,1651,1651,0,0,356,1295,0,1651,33
1435,122510,77,pair_014_n5_014_conflict,conflict,1,0,0,12.490000000000002,0.09581833333333331,1100000,6740640,56022,671,2965105,0,0,0,0.0,1655,1655,0,0,357,1298,0,1655,33
1436,122578,68,pair_007_n3_007_control,control,1,0,0,12.580000000000002,0.09570499999999998,1100000,6744992,56062,671,2967033,0,0,0,0.0,1656,1656,0,0,358,1298,0,1656,33
1437,122658,80,pair_005_n3_005_control,control,1,0,0,12.46,0.09557166666666667,1100000,6750112,56090,671,2969287,0,0,0,0.0,1656,1656,0,0,358,1298,0,1656,33
1438,122734,76,pair_014_n3_014_control,control,1,0,0,12.500000000000002,0.095445,1100000,6754976,56121,671,2971402,0,0,0,0.0,1656,1656,0,0,358,1298,0,1656,33
1439,122805,71,pair_016_n5_016_control,control,1,0,0,12.55,0.09532666666666664,1100000,6759520,56170,671,2973405,0,0,0,0.0,1657,1657,0,0,359,1298,0,1657,33
1440,122885,80,pair_001_n3_001_conflict,conflict,1,0,0,12.46,0.09519333333333332,1100000,6764640,56183,671,2975679,0,0,0,0.0,1657,1657,0,0,359,1298,0,1657,33
1441,122964,79,pair_006_n5_006_conflict,conflict,1,0,0,12.470000000000002,0.09506166666666666,1100000,6769696,56239,672,2977892,0,0,0,0.0,1659,1659,0,0,359,1300,0,1659,33
1442,123038,74,pair_012_n5_012_conflict,conflict,1,0,0,12.520000000000001,0.09493833333333332,1100000,6774432,56267,672,2979934,0,0,0,0.0,1659,1659,0,0,359,1300,0,1659,33
1443,123112,74,pair_003_n3_003_control,control,1,0,0,12.520000000000001,0.09481499999999998,1100000,6779168,56283,672,2982034,0,0,0,0.0,1659,1659,0,0,359,1300,0,1659,33
1444,123185,73,pair_017_n3_017_conflict,conflict,1,0,0,12.530000000000001,0.09469333333333332,1100000,6783840,56321,672,2984147,0,0,0,0.0,1659,1659,0,0,359,1300,0,1659,33
1445,123266,81,pair_014_n3_014_conflict,conflict,1,0,0,12.450000000000001,0.09455833333333333,1100000,6789024,56352,672,2986473,0,0,0,0.0,1659,1659,0,0,359,1300,0,1659,33
1446,123342,76,pair_014_n3_014_control,control,1,0,0,12.500000000000002,0.09443166666666666,1100000,6793888,56387,672,2988584,0,0,0,0.0,1660,1660,0,0,359,1301,0,1660,33
1447,123429,87,pair_000_n5_000_conflict,conflict,1,0,0,12.39,0.09428666666666666,1100000,6799456,56433,674,2991100,0,0,0,0.0,1662,1662,0,0,360,1302,0,1662,33
1448,123498,69,pair_004_n5_004_conflict,conflict,1,0,0,12.570000000000002,0.09417166666666665,1100000,6803872,56458,674,2993050,0,0,0,0.0,1662,1662,0,0,360,1302,0,1662,33
1449,123577,79,pair_008_n5_008_conflict,conflict,1,0,0,12.470000000000002,0.09403999999999998,1100000,6808928,56484,674,2995289,0,0,0,0.0,1665,1665,0,0,360,1305,0,1665,33
1450,123656,79,pair_007_n3_007_conflict,conflict,1,0,0,12.470000000000002,0.09390833333333332,1100000,6813984,56526,674,2997550,0,0,0,0.0,1665,1665,0,0,360,1305,0,1665,33
1451,123727,71,pair_002_n3_002_control,control,1,0,0,12.55,0.09378999999999998,1100000,6818528,56546,674,2999524,0,0,0,0.0,1667,1667,0,0,360,1307,0,1667,33
1452,123798,71,pair_013_n5_013_control,control,1,0,0,12.55,0.09367166666666665,1100000,6823072,56582,675,3001492,0,0,0,0.0,1669,1669,0,0,360,1309,0,1669,33
1453,123869,71,pair_001_n5_001_control,control,1,0,0,12.55,0.09355333333333332,1100000,6827616,56595,675,3003490,0,0,0,0.0,1670,1670,0,0,361,1309,0,1670,33
1454,123942,73,pair_010_n3_010_control,control,1,0,0,12.530000000000001,0.09343166666666666,1100000,6832288,56608,676,3005429,0,0,0,0.0,1672,1672,0,0,361,1311,0,1672,33
1455,124014,72,pair_001_n3_001_control,control,1,0,0,12.540000000000001,0.09331166666666665,1100000,6836896,56618,676,3007412,0,0,0,0.0,1673,1673,0,0,361,1312,0,1673,33
1456,124085,71,pair_006_n3_006_control,control,1,0,0,12.55,0.09319333333333332,1100000,6841440,56646,676,3009329,0,0,0,0.0,1673,1673,0,0,361,1312,0,1673,33
1457,124164,79,pair_011_n5_011_conflict,conflict,1,0,0,12.470000000000002,0.09306166666666665,1100000,6846496,56671,676,3011476,0,0,0,0.0,1675,1675,0,0,361,1314,0,1675,33
1458,124242,78,pair_006_n3_006_conflict,conflict,1,0,0,12.480000000000002,0.09293166666666666,1100000,6851488,56701,676,3013556,0,0,0,0.0,1675,1675,0,0,361,1314,0,1675,33
1459,124313,71,pair_001_n5_001_conflict,conflict,1,0,0,12.55,0.09281333333333333,1100000,6856032,56716,676,3015471,0,0,0,0.0,1677,1677,0,0,363,1314,0,1677,33
1460,124385,72,pair_003_n5_003_conflict,conflict,1,0,0,12.540000000000001,0.09269333333333332,1100000,6860640,56737,676,3017377,0,0,0,0.0,1679,1679,0,0,363,1316,0,1679,33
1461,124456,71,pair_017_n5_017_conflict,conflict,1,0,0,12.55,0.09257499999999999,1100000,6865184,56768,676,3019275,0,0,0,0.0,1679,1679,0,0,363,1316,0,1679,33
1462,124528,72,pair_005_n5_005_control,control,1,0,0,12.540000000000003,0.09245499999999998,1100000,6869792,56811,677,3021287,0,0,0,0.0,1681,1681,0,0,363,1318,0,1681,33
1463,124606,78,pair_002_n5_002_control,control,1,0,0,12.480000000000002,0.09232499999999999,1100000,6874784,56840,678,3023406,0,0,0,0.0,1682,1682,0,0,363,1319,0,1682,33
1464,124676,70,pair_012_n3_012_conflict,conflict,1,0,0,12.560000000000002,0.09220833333333331,1100000,6879264,56868,678,3025301,0,0,0,0.0,1682,1682,0,0,363,1319,0,1682,33
1465,124749,73,pair_008_n3_008_control,control,1,0,0,12.530000000000001,0.09208666666666665,1100000,6883936,56879,678,3027214,0,0,0,0.0,1683,1683,0,0,363,1320,0,1683,33
1466,124825,76,pair_010_n3_010_conflict,conflict,1,0,0,12.500000000000002,0.09195999999999999,1100000,6888800,56893,679,3029210,0,0,0,0.0,1685,1685,0,0,363,1322,0,1685,33
1467,124894,69,pair_014_n5_014_conflict,conflict,1,0,0,12.570000000000002,0.09184499999999998,1100000,6893216,56943,679,3031039,0,0,0,0.0,1687,1687,0,0,365,1322,0,1687,33
1468,124972,78,pair_000_n3_000_control,control,1,0,0,12.48,0.09171499999999999,1100000,6898208,56976,681,3033071,0,0,0,0.0,1688,1688,0,0,365,1323,0,1688,33
1469,125044,72,pair_011_n5_011_control,control,1,0,0,12.540000000000001,0.09159499999999998,1100000,6902816,57003,682,3034977,0,0,0,0.0,1690,1690,0,0,365,1325,0,1690,33
1470,125116,72,pair_007_n5_007_control,control,1,0,0,12.540000000000001,0.091475,1100000,6907424,57035,682,3036867,0,0,0,0.0,1692,1692,0,0,366,1326,0,1692,33
1471,125188,72,pair_005_n3_005_conflict,conflict,1,0,0,12.540000000000001,0.09135499999999999,1100000,6912032,57066,683,3038787,0,0,0,0.0,1695,1695,0,0,366,1329,0,1695,33
1472,125260,72,pair_016_n3_016_conflict,conflict,1,0,0,12.540000000000003,0.09123499999999998,1100000,6916640,57095,683,3040683,0,0,0,0.0,1695,1695,0,0,366,1329,0,1695,33
1473,125338,78,pair_011_n3_011_control,control,1,0,0,12.48,0.09110499999999999,1100000,6921632,57111,684,3042749,0,0,0,0.0,1696,1696,0,0,366,1330,0,1696,33
1474,125411,73,pair_010_n5_010_conflict,conflict,1,0,0,12.530000000000001,0.09098333333333333,1100000,6926304,57143,684,3044696,0,0,0,0.0,1698,1698,0,0,366,1332,0,1698,33
1475,125487,76,pair_000_n3_000_conflict,conflict,1,0,0,12.500000000000002,0.09085666666666667,1100000,6931168,57168,684,3046676,0,0,0,0.0,1698,1698,0,0,366,1332,0,1698,33
1476,125555,68,pair_016_n5_016_control,control,1,0,0,12.580000000000002,0.09074333333333331,1100000,6935520,57205,685,3048399,0,0,0,0.0,1700,1700,0,0,368,1332,0,1700,33
1477,125624,69,pair_009_n5_009_control,control,1,0,0,12.570000000000002,0.09062833333333331,1100000,6939936,57253,685,3050211,0,0,0,0.0,1702,1702,0,0,369,1333,0,1702,33
1478,125693,69,pair_011_n3_011_conflict,conflict,1,0,0,12.570000000000002,0.09051333333333333,1100000,6944352,57278,685,3051928,0,0,0,0.0,1702,1702,0,0,369,1333,0,1702,33
1479,125769,76,pair_004_n5_004_control,control,1,0,0,12.500000000000002,0.09038666666666664,1100000,6949216,57324,685,3053974,0,0,0,0.0,1702,1702,0,0,369,1333,0,1702,33
1480,125841,72,pair_007_n3_007_control,control,1,0,0,12.540000000000001,0.09026666666666666,1100000,6953824,57370,685,3055867,0,0,0,0.0,1703,1703,0,0,370,1333,0,1703,33
1481,125915,74,pair_002_n5_002_conflict,conflict,1,0,0,12.520000000000001,0.09014333333333333,1100000,6958560,57393,685,3057828,0,0,0,0.0,1704,1704,0,0,371,1333,0,1704,33
1482,125988,73,pair_015_n3_015_conflict,conflict,1,0,0,12.530000000000001,0.09002166666666667,1100000,6963232,57425,685,3059767,0,0,0,0.0,1705,1705,0,0,372,1333,0,1705,33
1483,126056,68,pair_015_n3_015_control,control,1,0,0,12.580000000000002,0.08990833333333331,1100000,6967584,57449,685,3061635,0,0,0,0.0,1707,1707,0,0,373,1334,0,1707,33
1484,126133,77,pair_004_n3_004_control,control,1,0,0,12.490000000000002,0.08978,1100000,6972512,57471,685,3063720,0,0,0,0.0,1707,1707,0,0,373,1334,0,1707,33
1485,126213,80,pair_006_n5_006_control,control,1,0,0,12.46,0.08964666666666665,1100000,6977632,57506,685,3065822,0,0,0,0.0,1707,1707,0,0,373,1334,0,1707,33
1486,126279,66,pair_012_n5_012_control,control,1,0,0,12.600000000000001,0.08953666666666665,1100000,6981856,57531,685,3067593,0,0,0,0.0,1707,1707,0,0,373,1334,0,1707,33
1487,126356,77,pair_003_n3_003_conflict,conflict,1,0,0,12.490000000000002,0.08940833333333331,1100000,6986784,57550,685,3069645,0,0,0,0.0,1707,1707,0,0,373,1334,0,1707,33
1488,126428,72,pair_004_n3_004_conflict,conflict,1,0,0,12.540000000000001,0.08928833333333333,1100000,6991392,57584,687,3071448,0,0,0,0.0,1708,1708,0,0,373,1335,0,1708,33
1489,126505,77,pair_016_n5_016_conflict,conflict,1,0,0,12.490000000000002,0.08915999999999999,1100000,6996320,57640,689,3073520,0,0,0,0.0,1712,1712,0,0,375,1337,0,1712,33
1490,126584,79,pair_009_n5_009_conflict,conflict,1,0,0,12.470000000000002,0.08902833333333332,1100000,7001376,57668,690,3075620,0,0,0,0.0,1712,1712,0,0,375,1337,0,1712,33
1491,126663,79,pair_013_n3_013_control,control,1,0,0,12.470000000000002,0.08889666666666665,1100000,7006432,57691,690,3077723,0,0,0,0.0,1712,1712,0,0,375,1337,0,1712,33
1492,126732,69,pair_017_n5_017_control,control,1,0,0,12.570000000000002,0.08878166666666665,1100000,7010848,57739,690,3079584,0,0,0,0.0,1713,1713,0,0,376,1337,0,1713,33
1493,126808,76,pair_002_n3_002_conflict,conflict,1,0,0,12.500000000000002,0.08865499999999998,1100000,7015712,57761,690,3081602,0,0,0,0.0,1713,1713,0,0,376,1337,0,1713,33
1494,126882,74,pair_016_n3_016_control,control,1,0,0,12.520000000000001,0.08853166666666665,1100000,7020448,57786,690,3083561,0,0,0,0.0,1713,1713,0,0,376,1337,0,1713,33
1495,126960,78,pair_017_n3_017_control,control,1,0,0,12.480000000000002,0.08840166666666666,1100000,7025440,57815,690,3085643,0,0,0,0.0,1713,1713,0,0,376,1337,0,1713,33
1496,127036,76,pair_007_n5_007_conflict,conflict,1,0,0,12.500000000000002,0.08827499999999999,1100000,7030304,57846,690,3087570,0,0,0,0.0,1713,1713,0,0,376,1337,0,1713,33
1497,127114,78,pair_005_n3_005_control,control,1,0,0,12.48,0.088145,1100000,7035296,57861,691,3089561,0,0,0,0.0,1714,1714,0,0,377,1337,0,1714,33
1498,127191,77,pair_013_n3_013_conflict,conflict,1,0,0,12.490000000000002,0.08801666666666666,1100000,7040224,57885,691,3091564,0,0,0,0.0,1714,1714,0,0,377,1337,0,1714,33
1499,127264,73,pair_015_n5_015_control,control,1,0,0,12.530000000000001,0.087895,1100000,7044896,57906,691,3093442,0,0,0,0.0,1714,1714,0,0,377,1337,0,1714,33
1500,127342,78,pair_009_n3_009_conflict,conflict,1,0,0,12.48,0.08776499999999998,1100000,7049888,57941,691,3095444,0,0,0,0.0,1714,1714,0,0,377,1337,0,1714,33
1501,127418,76,pair_013_n5_013_conflict,conflict,1,0,0,12.500000000000002,0.08763833333333332,1100000,7054752,57972,691,3097479,0,0,0,0.0,1714,1714,0,0,377,1337,0,1714,33
1502,127496,78,pair_000_n5_000_control,control,1,0,0,12.48,0.08750833333333333,1100000,7059744,58003,691,3099548,0,0,0,0.0,1714,1714,0,0,377,1337,0,1714,33
1503,127574,78,pair_003_n5_003_control,control,1,0,0,12.48,0.08737833333333334,1100000,7064736,58027,692,3101626,0,0,0,0.0,1715,1715,0,0,377,1338,0,1715,33
1504,127658,84,pair_008_n3_008_conflict,conflict,1,0,0,12.420000000000002,0.08723833333333333,1100000,7070112,58069,694,3103818,0,0,0,0.0,1718,1718,0,0,377,1341,0,1718,33
1505,127733,75,pair_014_n5_014_control,control,1,0,0,12.510000000000002,0.08711333333333332,1100000,7074912,58097,694,3105841,0,0,0,0.0,1718,1718,0,0,377,1341,0,1718,33
1506,127807,74,pair_015_n5_015_conflict,conflict,1,0,0,12.520000000000001,0.08698999999999998,1100000,7079648,58118,694,3107839,0,0,0,0.0,1718,1718,0,0,377,1341,0,1718,33
1507,127877,70,pair_005_n5_005_conflict,conflict,1,0,0,12.560000000000002,0.08687333333333333,1100000,7084128,58149,695,3109792,0,0,0,0.0,1719,1719,0,0,377,1342,0,1719,33
1508,127952,75,pair_009_n3_009_control,control,1,0,0,12.510000000000002,0.08674833333333332,1100000,7088928,58183,695,3111836,0,0,0,0.0,1720,1720,0,0,377,1343,0,1720,33
1509,128030,78,pair_010_n5_010_control,control,1,0,0,12.48,0.08661833333333332,1100000,7093920,58233,699,3113930,0,0,0,0.0,1723,1723,0,0,377,1346,0,1723,33
1510,128103,73,pair_012_n3_012_control,control,1,0,0,12.530000000000001,0.08649666666666667,1100000,7098592,58260,699,3115861,0,0,0,0.0,1723,1723,0,0,377,1346,0,1723,33
1511,128175,72,pair_008_n5_008_control,control,1,0,0,12.540000000000001,0.08637666666666666,1100000,7103200,58325,699,3117770,0,0,0,0.0,1724,1724,0,0,377,1347,0,1724,33
1512,128258,83,pair_015_n3_015_control,control,1,0,0,12.430000000000001,0.08623833333333333,1100000,7108512,58363,699,3119995,0,0,0,0.0,1724,1724,0,0,377,1347,0,1724,33
1513,128332,74,pair_016_n3_016_control,control,1,0,0,12.520000000000001,0.086115,1100000,7113248,58389,699,3122054,0,0,0,0.0,1724,1724,0,0,377,1347,0,1724,33
1514,128405,73,pair_004_n5_004_conflict,conflict,1,0,0,12.530000000000001,0.08599333333333331,1100000,7117920,58416,699,3124042,0,0,0,0.0,1724,1724,0,0,377,1347,0,1724,33
1515,128478,73,pair_005_n3_005_control,control,1,0,0,12.530000000000001,0.08587166666666665,1100000,7122592,58454,699,3126038,0,0,0,0.0,1724,1724,0,0,377,1347,0,1724,33
1516,128549,71,pair_007_n3_007_control,control,1,0,0,12.55,0.08575333333333332,1100000,7127136,58495,700,3127910,0,0,0,0.0,1726,1726,0,0,377,1349,0,1726,33
1517,128620,71,pair_000_n3_000_control,control,1,0,0,12.55,0.08563499999999999,1100000,7131680,58524,701,3129842,0,0,0,0.0,1727,1727,0,0,377,1350,0,1727,33
1518,128694,74,pair_001_n3_001_conflict,conflict,1,0,0,12.520000000000001,0.08551166666666665,1100000,7136416,58535,701,3131906,0,0,0,0.0,1727,1727,0,0,377,1350,0,1727,33
1519,128774,80,pair_011_n3_011_control,control,1,0,0,12.46,0.08537833333333333,1100000,7141536,58567,701,3134120,0,0,0,0.0,1730,1730,0,0,377,1353,0,1730,33
1520,128841,67,pair_010_n3_010_control,control,1,0,0,12.590000000000002,0.08526666666666666,1100000,7145824,58579,701,3135936,0,0,0,0.0,1730,1730,0,0,377,1353,0,1730,33
1521,128918,77,pair_010_n3_010_conflict,conflict,1,0,0,12.490000000000002,0.08513833333333332,1100000,7150752,58597,702,3137871,0,0,0,0.0,1732,1732,0,0,377,1355,0,1732,33
1522,128990,72,pair_008_n5_008_control,control,1,0,0,12.540000000000001,0.08501833333333333,1100000,7155360,58628,702,3139733,0,0,0,0.0,1734,1734,0,0,379,1355,0,1734,33
1523,129059,69,pair_011_n5_011_conflict,conflict,1,0,0,12.570000000000002,0.08490333333333333,1100000,7159776,58658,703,3141577,0,0,0,0.0,1736,1736,0,0,380,1356,0,1736,33
1524,129132,73,pair_001_n5_001_conflict,conflict,1,0,0,12.530000000000001,0.08478166666666664,1100000,7164448,58697,703,3143509,0,0,0,0.0,1736,1736,0,0,380,1356,0,1736,33
1525,129203,71,pair_013_n3_013_control,control,1,0,0,12.55,0.08466333333333331,1100000,7168992,58724,703,3145377,0,0,0,0.0,1736,1736,0,0,380,1356,0,1736,33
1526,129281,78,pair_004_n3_004_conflict,conflict,1,0,0,12.48,0.08453333333333332,1100000,7173984,58752,703,3147387,0,0,0,0.0,1736,1736,0,0,380,1356,0,1736,33
1527,129351,70,pair_003_n3_003_conflict,conflict,1,0,0,12.560000000000002,0.08441666666666667,1100000,7178464,58795,703,3149190,0,0,0,0.0,1737,1737,0,0,380,1357,0,1737,33
1528,129430,79,pair_007_n5_007_control,control,1,0,0,12.470000000000002,0.084285,1100000,7183520,58831,703,3151246,0,0,0,0.0,1740,1740,0,0,381,1359,0,1740,33
1529,129505,75,pair_016_n5_016_control,control,1,0,0,12.510000000000002,0.08415999999999998,1100000,7188320,58871,703,3153186,0,0,0,0.0,1741,1741,0,0,382,1359,0,1741,33
1530,129572,67,pair_012_n5_012_control,control,1,0,0,12.590000000000002,0.08404833333333334,1100000,7192608,58905,703,3154861,0,0,0,0.0,1742,1742,0,0,382,1360,0,1742,33
1531,129645,73,pair_002_n3_002_control,control,1,0,0,12.530000000000001,0.08392666666666665,1100000,7197280,58930,703,3156861,0,0,0,0.0,1745,1745,0,0,384,1361,0,1745,33
1532,129720,75,pair_016_n3_016_conflict,conflict,1,0,0,12.510000000000002,0.08380166666666666,1100000,7202080,58960,703,3158812,0,0,0,0.0,1745,1745,0,0,384,1361,0,1745,33
1533,129791,71,pair_010_n5_010_control,control,1,0,0,12.55,0.08368333333333333,1100000,7206624,58972,703,3160713,0,0,0,0.0,1745,1745,0,0,384,1361,0,1745,33
1534,129859,68,pair_000_n5_000_conflict,conflict,1,0,0,12.580000000000002,0.08356999999999998,1100000,7210976,59003,703,3162512,0,0,0,0.0,1745,1745,0,0,384,1361,0,1745,33
1535,129927,68,pair_017_n3_017_conflict,conflict,1,0,0,12.580000000000002,0.08345666666666665,1100000,7215328,59034,703,3164272,0,0,0,0.0,1745,1745,0,0,384,1361,0,1745,33
1536,129999,72,pair_006_n5_006_control,control,1,0,0,12.540000000000001,0.08333666666666664,1100000,7219936,59085,705,3166202,0,0,0,0.0,1748,1748,0,0,385,1363,0,1748,33
1537,130076,77,pair_008_n3_008_control,control,1,0,0,12.490000000000002,0.08320833333333333,1100000,7224864,59118,705,3168216,0,0,0,0.0,1748,1748,0,0,385,1363,0,1748,33
1538,130154,78,pair_000_n3_000_conflict,conflict,1,0,0,12.48,0.08307833333333331,1100000,7229856,59152,706,3170314,0,0,0,0.0,1749,1749,0,0,385,1364,0,1749,33
1539,130225,71,pair_017_n5_017_conflict,conflict,1,0,0,12.55,0.08295999999999998,1100000,7234400,59209,706,3172221,0,0,0,0.0,1750,1750,0,0,386,1364,0,1750,33
1540,130292,67,pair_005_n3_005_conflict,conflict,1,0,0,12.590000000000002,0.08284833333333333,1100000,7238688,59237,706,3173935,0,0,0,0.0,1751,1751,0,0,386,1365,0,1751,33
1541,130363,71,pair_011_n5_011_control,control,1,0,0,12.55,0.08273,1100000,7243232,59261,706,3175833,0,0,0,0.0,1751,1751,0,0,386,1365,0,1751,33
1542,130433,70,pair_011_n3_011_conflict,conflict,1,0,0,12.560000000000002,0.08261333333333332,1100000,7247712,59287,706,3177608,0,0,0,0.0,1751,1751,0,0,386,1365,0,1751,33
1543,130508,75,pair_014_n3_014_conflict,conflict,1,0,0,12.510000000000002,0.08248833333333333,1100000,7252512,59322,706,3179536,0,0,0,0.0,1753,1753,0,0,387,1366,0,1753,33
1544,130576,68,pair_013_n5_013_control,control,1,0,0,12.580000000000002,0.08237499999999998,1100000,7256864,59372,706,3181378,0,0,0,0.0,1754,1754,0,0,388,1366,0,1754,33
1545,130645,69,pair_003_n5_003_conflict,conflict,1,0,0,12.570000000000002,0.08226,1100000,7261280,59424,707,3183306,0,0,0,0.0,1758,1758,0,0,388,1370,0,1758,33
1546,130714,69,pair_012_n5_012_conflict,conflict,1,0,0,12.570000000000002,0.082145,1100000,7265696,59452,709,3185207,0,0,0,0.0,1760,1760,0,0,389,1371,0,1760,33
1547,130783,69,pair_014_n5_014_conflict,conflict,1,0,0,12.570000000000002,0.08202999999999999,1100000,7270112,59489,709,3187106,0,0,0,0.0,1761,1761,0,0,389,1372,0,1761,33
1548,130855,72,pair_006_n5_006_conflict,conflict,1,0,0,12.540000000000003,0.08190999999999998,1100000,7274720,59527,709,3189101,0,0,0,0.0,1763,1763,0,0,389,1374,0,1763,33
1549,130927,72,pair_015_n3_015_conflict,conflict,1,0,0,12.540000000000001,0.08179,1100000,7279328,59554,709,3191049,0,0,0,0.0,1764,1764,0,0,390,1374,0,1764,33
1550,130993,66,pair_012_n3_012_control,control,1,0,0,12.600000000000001,0.08168,1100000,7283552,59581,709,3192800,0,0,0,0.0,1764,1764,0,0,390,1374,0,1764,33
1551,131062,69,pair_007_n5_007_conflict,conflict,1,0,0,12.570000000000002,0.081565,1100000,7287968,59622,709,3194689,0,0,0,0.0,1764,1764,0,0,390,1374,0,1764,33
1552,131198,136,pair_003_n3_003_control,control,1,0,0,11.9,0.08133833333333332,1100000,7296672,59646,710,3198341,0,0,0,0.0,1765,1765,0,0,390,1375,0,1765,33
1553,131271,73,pair_002_n5_002_conflict,conflict,1,0,0,12.530000000000001,0.08121666666666666,1100000,7301344,59673,710,3200338,0,0,0,0.0,1765,1765,0,0,390,1375,0,1765,33
1554,131347,76,pair_015_n5_015_control,control,1,0,0,12.500000000000002,0.08109,1100000,7306208,59728,710,3202337,0,0,0,0.0,1765,1765,0,0,390,1375,0,1765,33
1555,131415,68,pair_013_n5_013_conflict,conflict,1,0,0,12.580000000000002,0.08097666666666667,1100000,7310560,59788,710,3204187,0,0,0,0.0,1765,1765,0,0,390,1375,0,1765,33
1556,131486,71,pair_004_n3_004_control,control,1,0,0,12.55,0.08085833333333331,1100000,7315104,59810,711,3206051,0,0,0,0.0,1766,1766,0,0,390,1376,0,1766,33
1557,131563,77,pair_009_n5_009_control,control,1,0,0,12.490000000000002,0.08073,1100000,7320032,59852,712,3208134,0,0,0,0.0,1767,1767,0,0,391,1376,0,1767,33
1558,131636,73,pair_016_n5_016_conflict,conflict,1,0,0,12.530000000000001,0.08060833333333331,1100000,7324704,59909,712,3210118,0,0,0,0.0,1767,1767,0,0,391,1376,0,1767,33
1559,131708,72,pair_001_n3_001_control,control,1,0,0,12.540000000000001,0.08048833333333333,1100000,7329312,59920,712,3212030,0,0,0,0.0,1768,1768,0,0,392,1376,0,1768,33
1560,131775,67,pair_008_n3_008_conflict,conflict,1,0,0,12.590000000000002,0.08037666666666665,1100000,7333600,59953,712,3213882,0,0,0,0.0,1768,1768,0,0,392,1376,0,1768,33
1561,131856,81,pair_012_n3_012_conflict,conflict,1,0,0,12.450000000000001,0.08024166666666666,1100000,7338784,59995,714,3216095,0,0,0,0.0,1769,1769,0,0,392,1377,0,1769,33
1562,131927,71,pair_006_n3_006_conflict,conflict,1,0,0,12.55,0.08012333333333332,1100000,7343328,60040,714,3218039,0,0,0,0.0,1769,1769,0,0,392,1377,0,1769,33
1563,131996,69,pair_010_n5_010_conflict,conflict,1,0,0,12.570000000000002,0.08000833333333332,1100000,7347744,60086,714,3219919,0,0,0,0.0,1769,1769,0,0,392,1377,0,1769,33
1564,132072,76,pair_000_n5_000_control,control,1,0,0,12.500000000000002,0.07988166666666666,1100000,7352608,60150,715,3221947,0,0,0,0.0,1772,1772,0,0,392,1380,0,1772,33
1565,132148,76,pair_015_n5_015_conflict,conflict,1,0,0,12.500000000000002,0.07975499999999999,1100000,7357472,60193,715,3224017,0,0,0,0.0,1773,1773,0,0,393,1380,0,1773,33
1566,132220,72,pair_004_n5_004_control,control,1,0,0,12.540000000000003,0.07963499999999998,1100000,7362080,60236,716,3226053,0,0,0,0.0,1774,1774,0,0,393,1381,0,1774,33
1567,132299,79,pair_017_n3_017_control,control,1,0,0,12.470000000000002,0.07950333333333331,1100000,7367136,60267,716,3228255,0,0,0,0.0,1774,1774,0,0,393,1381,0,1774,33
1568,132375,76,pair_001_n5_001_control,control,1,0,0,12.500000000000002,0.07937666666666665,1100000,7372000,60298,718,3230360,0,0,0,0.0,1778,1778,0,0,396,1382,0,1778,33
1569,132449,74,pair_014_n3_014_control,control,1,0,0,12.520000000000001,0.07925333333333331,1100000,7376736,60331,718,3232366,0,0,0,0.0,1778,1778,0,0,396,1382,0,1778,33
1570,132525,76,pair_014_n5_014_control,control,1,0,0,12.500000000000002,0.07912666666666665,1100000,7381600,60360,718,3234520,0,0,0,0.0,1778,1778,0,0,396,1382,0,1778,33
1571,132597,72,pair_007_n3_007_conflict,conflict,1,0,0,12.540000000000003,0.07900666666666664,1100000,7386208,60401,719,3236508,0,0,0,0.0,1779,1779,0,0,396,1383,0,1779,33
1572,132674,77,pair_002_n3_002_conflict,conflict,1,0,0,12.490000000000002,0.07887833333333333,1100000,7391136,60428,720,3238701,0,0,0,0.0,1781,1781,0,0,398,1383,0,1781,33
1573,132750,76,pair_009_n3_009_control,control,1,0,0,12.500000000000002,0.07875166666666666,1100000,7396000,60457,721,3240777,0,0,0,0.0,1786,1786,0,0,400,1386,0,1786,33
1574,132826,76,pair_005_n5_005_control,control,1,0,0,12.500000000000002,0.078625,1100000,7400864,60501,722,3242951,0,0,0,0.0,1787,1787,0,0,400,1387,0,1787,33
1575,132899,73,pair_009_n3_009_conflict,conflict,1,0,0,12.530000000000001,0.07850333333333331,1100000,7405536,60547,722,3245037,0,0,0,0.0,1788,1788,0,0,400,1388,0,1788,33
1576,132972,73,pair_008_n5_008_conflict,conflict,1,0,0,12.530000000000001,0.07838166666666666,1100000,7410208,60579,722,3247178,0,0,0,0.0,1792,1792,0,0,401,1391,0,1792,33
1577,133044,72,pair_003_n5_003_control,control,1,0,0,12.540000000000003,0.07826166666666665,1100000,7414816,60616,724,3249249,0,0,0,0.0,1795,1795,0,0,401,1394,0,1795,33
1578,133116,72,pair_013_n3_013_conflict,conflict,1,0,0,12.540000000000001,0.07814166666666666,1100000,7419424,60655,724,3251249,0,0,0,0.0,1796,1796,0,0,402,1394,0,1796,33
1579,133194,78,pair_009_n5_009_conflict,conflict,1,0,0,12.48,0.07801166666666665,1100000,7424416,60718,724,3253578,0,0,0,0.0,1798,1798,0,0,403,1395,0,1798,33
1580,133273,79,pair_017_n5_017_control,control,1,0,0,12.470000000000002,0.07787999999999998,1100000,7429472,60755,724,3255845,0,0,0,0.0,1798,1798,0,0,403,1395,0,1798,33
1581,133345,72,pair_002_n5_002_control,control,1,0,0,12.540000000000001,0.07776,1100000,7434080,60783,725,3257877,0,0,0,0.0,1799,1799,0,0,403,1396,0,1799,33
1582,133422,77,pair_005_n5_005_conflict,conflict,1,0,0,12.490000000000002,0.07763166666666665,1100000,7439008,60818,725,3260104,0,0,0,0.0,1801,1801,0,0,403,1398,0,1801,33
1583,133496,74,pair_006_n3_006_control,control,1,0,0,12.520000000000001,0.07750833333333332,1100000,7443744,60871,725,3262303,0,0,0,0.0,1801,1801,0,0,403,1398,0,1801,33
1584,133569,73,pair_013_n5_013_conflict,conflict,1,0,0,12.530000000000001,0.07738666666666666,1100000,7448416,60937,725,3264458,0,0,0,0.0,1801,1801,0,0,403,1398,0,1801,33
1585,133640,71,pair_003_n3_003_control,control,1,0,0,12.55,0.07726833333333333,1100000,7452960,60976,725,3266531,0,0,0,0.0,1803,1803,0,0,403,1400,0,1803,33
1586,133712,72,pair_010_n3_010_control,control,1,0,0,12.540000000000001,0.07714833333333332,1100000,7457568,61005,725,3268606,0,0,0,0.0,1803,1803,0,0,403,1400,0,1803,33
1587,133784,72,pair_016_n5_016_control,control,1,0,0,12.540000000000003,0.07702833333333331,1100000,7462176,61032,725,3270734,0,0,0,0.0,1804,1804,0,0,403,1401,0,1804,33
1588,133856,72,pair_005_n3_005_control,control,1,0,0,12.540000000000001,0.07690833333333333,1100000,7466784,61070,727,3272854,0,0,0,0.0,1806,1806,0,0,403,1403,0,1806,33
1589,133934,78,pair_008_n3_008_conflict,conflict,1,0,0,12.48,0.07677833333333331,1100000,7471776,61082,728,3275106,0,0,0,0.0,1807,1807,0,0,403,1404,0,1807,33
1590,134006,72,pair_003_n5_003_conflict,conflict,1,0,0,12.540000000000001,0.07665833333333333,1100000,7476384,61101,728,3277244,0,0,0,0.0,1809,1809,0,0,405,1404,0,1809,33
1591,134082,76,pair_015_n5_015_conflict,conflict,1,0,0,12.500000000000002,0.07653166666666666,1100000,7481248,61129,728,3279503,0,0,0,0.0,1809,1809,0,0,405,1404,0,1809,33
1592,134155,73,pair_004_n3_004_conflict,conflict,1,0,0,12.530000000000001,0.07640999999999998,1100000,7485920,61162,728,3281708,0,0,0,0.0,1809,1809,0,0,405,1404,0,1809,33
1593,134222,67,pair_012_n5_012_control,control,1,0,0,12.590000000000002,0.07629833333333333,1100000,7490208,61194,728,3283634,0,0,0,0.0,1809,1809,0,0,405,1404,0,1809,33
1594,134288,66,pair_010_n5_010_control,control,1,0,0,12.600000000000001,0.07618833333333333,1100000,7494432,61234,728,3285549,0,0,0,0.0,1809,1809,0,0,405,1404,0,1809,33
1595,134368,80,pair_017_n3_017_conflict,conflict,1,0,0,12.46,0.07605499999999998,1100000,7499552,61283,728,3287901,0,0,0,0.0,1809,1809,0,0,405,1404,0,1809,33
1596,134438,70,pair_005_n5_005_control,control,1,0,0,12.560000000000002,0.07593833333333333,1100000,7504032,61316,728,3289995,0,0,0,0.0,1810,1810,0,0,405,1405,0,1810,33
1597,134508,70,pair_006_n3_006_conflict,conflict,1,0,0,12.560000000000002,0.07582166666666665,1100000,7508512,61344,728,3292054,0,0,0,0.0,1810,1810,0,0,405,1405,0,1810,33
1598,134574,66,pair_002_n3_002_control,control,1,0,0,12.600000000000001,0.07571166666666665,1100000,7512736,61364,728,3294028,0,0,0,0.0,1810,1810,0,0,405,1405,0,1810,33
1599,134646,72,pair_009_n3_009_control,control,1,0,0,12.540000000000001,0.07559166666666667,1100000,7517344,61401,728,3296125,0,0,0,0.0,1811,1811,0,0,405,1406,0,1811,33
1600,134724,78,pair_006_n5_006_conflict,conflict,1,0,0,12.48,0.07546166666666665,1100000,7522336,61442,728,3298479,0,0,0,0.0,1812,1812,0,0,406,1406,0,1812,33
1601,134795,71,pair_008_n5_008_control,control,1,0,0,12.55,0.07534333333333332,1100000,7526880,61467,728,3300573,0,0,0,0.0,1812,1812,0,0,406,1406,0,1812,33
1602,134871,76,pair_003_n3_003_conflict,conflict,1,0,0,12.500000000000002,0.07521666666666665,1100000,7531744,61489,729,3302767,0,0,0,0.0,1814,1814,0,0,406,1408,0,1814,33
1603,134937,66,pair_015_n3_015_conflict,conflict,1,0,0,12.600000000000001,0.07510666666666665,1100000,7535968,61528,730,3304688,0,0,0,0.0,1816,1816,0,0,406,1410,0,1816,33
1604,135012,75,pair_000_n5_000_conflict,conflict,1,0,0,12.510000000000002,0.07498166666666667,1100000,7540768,61564,731,3306873,0,0,0,0.0,1817,1817,0,0,407,1410,0,1817,33
1605,135079,67,pair_010_n3_010_conflict,conflict,1,0,0,12.590000000000002,0.07486999999999999,1100000,7545056,61575,731,3308847,0,0,0,0.0,1817,1817,0,0,407,1410,0,1817,33
1606,135148,69,pair_010_n5_010_conflict,conflict,1,0,0,12.570000000000002,0.07475499999999999,1100000,7549472,61591,732,3310879,0,0,0,0.0,1818,1818,0,0,407,1411,0,1818,33
1607,135228,80,pair_011_n5_011_conflict,conflict,1,0,0,12.46,0.07462166666666664,1100000,7554592,61648,732,3313266,0,0,0,0.0,1822,1822,0,0,409,1413,0,1822,33
1608,135299,71,pair_006_n3_006_control,control,1,0,0,12.55,0.07450333333333331,1100000,7559136,61684,732,3315322,0,0,0,0.0,1823,1823,0,0,409,1414,0,1823,33
1609,135370,71,pair_011_n5_011_control,control,1,0,0,12.55,0.07438499999999998,1100000,7563680,61709,733,3317444,0,0,0,0.0,1825,1825,0,0,409,1416,0,1825,33
1610,135442,72,pair_017_n3_017_control,control,1,0,0,12.540000000000003,0.074265,1100000,7568288,61740,733,3319607,0,0,0,0.0,1825,1825,0,0,409,1416,0,1825,33
1611,135523,81,pair_016_n3_016_control,control,1,0,0,12.450000000000001,0.07413,1100000,7573472,61786,733,3322047,0,0,0,0.0,1826,1826,0,0,410,1416,0,1826,33
1612,135594,71,pair_013_n3_013_conflict,conflict,1,0,0,12.55,0.07401166666666664,1100000,7578016,61823,733,3324207,0,0,0,0.0,1826,1826,0,0,410,1416,0,1826,33
1613,135666,72,pair_005_n3_005_conflict,conflict,1,0,0,12.540000000000003,0.07389166666666666,1100000,7582624,61855,734,3326363,0,0,0,0.0,1827,1827,0,0,410,1417,0,1827,33
1614,135738,72,pair_000_n3_000_conflict,conflict,1,0,0,12.540000000000001,0.07377166666666665,1100000,7587232,61892,734,3328500,0,0,0,0.0,1827,1827,0,0,410,1417,0,1827,33
1615,135818,80,pair_016_n5_016_conflict,conflict,1,0,0,12.46,0.07363833333333333,1100000,7592352,61931,734,3330822,0,0,0,0.0,1829,1829,0,0,411,1418,0,1829,33
1616,135898,80,pair_016_n3_016_conflict,conflict,1,0,0,12.46,0.07350499999999999,1100000,7597472,61962,734,3333234,0,0,0,0.0,1830,1830,0,0,412,1418,0,1830,33
1617,135966,68,pair_013_n3_013_control,control,1,0,0,12.580000000000002,0.07339166666666666,1100000,7601824,62009,734,3335333,0,0,0,0.0,1830,1830,0,0,412,1418,0,1830,33
1618,136038,72,pair_007_n5_007_control,control,1,0,0,12.540000000000003,0.07327166666666665,1100000,7606432,62050,735,3337599,0,0,0,0.0,1831,1831,0,0,412,1419,0,1831,33
1619,136113,75,pair_002_n5_002_conflict,conflict,1,0,0,12.510000000000002,0.07314666666666667,1100000,7611232,62083,736,3339899,0,0,0,0.0,1833,1833,0,0,413,1420,0,1833,33
1620,136179,66,pair_011_n3_011_control,control,1,0,0,12.600000000000001,0.07303666666666667,1100000,7615456,62099,736,3341900,0,0,0,0.0,1833,1833,0,0,413,1420,0,1833,33
1621,136254,75,pair_014_n5_014_conflict,conflict,1,0,0,12.510000000000002,0.07291166666666665,1100000,7620256,62130,737,3344237,0,0,0,0.0,1834,1834,0,0,414,1420,0,1834,33
1622,136327,73,pair_002_n5_002_control,control,1,0,0,12.530000000000001,0.07279,1100000,7624928,62158,737,3346444,0,0,0,0.0,1834,1834,0,0,414,1420,0,1834,33
1623,136403,76,pair_006_n5_006_control,control,1,0,0,12.500000000000002,0.07266333333333333,1100000,7629792,62199,738,3348724,0,0,0,0.0,1835,1835,0,0,414,1421,0,1835,33
1624,136474,71,pair_011_n3_011_conflict,conflict,1,0,0,12.55,0.072545,1100000,7634336,62230,738,3350861,0,0,0,0.0,1837,1837,0,0,414,1423,0,1837,33
1625,136542,68,pair_014_n3_014_conflict,conflict,1,0,0,12.580000000000002,0.07243166666666664,1100000,7638688,62257,738,3352965,0,0,0,0.0,1837,1837,0,0,414,1423,0,1837,33
1626,136612,70,pair_015_n5_015_control,control,1,0,0,12.560000000000002,0.07231499999999999,1100000,7643168,62304,739,3355115,0,0,0,0.0,1838,1838,0,0,414,1424,0,1838,33
1627,136687,75,pair_005_n5_005_conflict,conflict,1,0,0,12.510000000000002,0.07218999999999998,1100000,7647968,62357,740,3357401,0,0,0,0.0,1840,1840,0,0,414,1426,0,1840,33
1628,136755,68,pair_017_n5_017_control,control,1,0,0,12.580000000000002,0.07207666666666665,1100000,7652320,62415,740,3359412,0,0,0,0.0,1840,1840,0,0,414,1426,0,1840,33
1629,136826,71,pair_014_n5_014_control,control,1,0,0,12.55,0.07195833333333332,1100000,7656864,62466,740,3361568,0,0,0,0.0,1840,1840,0,0,414,1426,0,1840,33
1630,136899,73,pair_001_n3_001_conflict,conflict,1,0,0,12.530000000000001,0.07183666666666666,1100000,7661536,62482,740,3363788,0,0,0,0.0,1841,1841,0,0,414,1427,0,1841,33
1631,136971,72,pair_008_n3_008_control,control,1,0,0,12.540000000000001,0.07171666666666665,1100000,7666144,62498,742,3365900,0,0,0,0.0,1843,1843,0,0,414,1429,0,1843,33
1632,137041,70,pair_015_n3_015_control,control,1,0,0,12.560000000000002,0.0716,1100000,7670624,62530,742,3368038,0,0,0,0.0,1844,1844,0,0,415,1429,0,1844,33
1633,137114,73,pair_004_n5_004_conflict,conflict,1,0,0,12.530000000000001,0.07147833333333331,1100000,7675296,62565,743,3370224,0,0,0,0.0,1847,1847,0,0,416,1431,0,1847,33
1634,137185,71,pair_017_n5_017_conflict,conflict,1,0,0,12.55,0.07135999999999998,1100000,7679840,62613,743,3372426,0,0,0,0.0,1848,1848,0,0,416,1432,0,1848,33
1635,137256,71,pair_007_n3_007_conflict,conflict,1,0,0,12.55,0.07124166666666665,1100000,7684384,62638,744,3374550,0,0,0,0.0,1850,1850,0,0,417,1433,0,1850,33
1636,137328,72,pair_004_n3_004_control,control,1,0,0,12.540000000000003,0.07112166666666667,1100000,7688992,62666,745,3376728,0,0,0,0.0,1851,1851,0,0,417,1434,0,1851,33
1637,137400,72,pair_007_n5_007_conflict,conflict,1,0,0,12.540000000000001,0.07100166666666666,1100000,7693600,62708,745,3378875,0,0,0,0.0,1852,1852,0,0,417,1435,0,1852,33
1638,137466,66,pair_007_n3_007_control,control,1,0,0,12.600000000000001,0.07089166666666666,1100000,7697824,62744,745,3380874,0,0,0,0.0,1853,1853,0,0,418,1435,0,1853,33
1639,137542,76,pair_001_n3_001_control,control,1,0,0,12.500000000000002,0.070765,1100000,7702688,62786,745,3383256,0,0,0,0.0,1853,1853,0,0,418,1435,0,1853,33
1640,137626,84,pair_009_n5_009_control,control,1,0,0,12.420000000000002,0.070625,1100000,7708064,62848,747,3385839,0,0,0,0.0,1857,1857,0,0,418,1439,0,1857,33
1641,137700,74,pair_013_n5_013_control,control,1,0,0,12.520000000000001,0.07050166666666666,1100000,7712800,62872,747,3388121,0,0,0,0.0,1857,1857,0,0,418,1439,0,1857,33
1642,137770,70,pair_009_n3_009_conflict,conflict,1,0,0,12.560000000000002,0.07038499999999998,1100000,7717280,62908,747,3390250,0,0,0,0.0,1858,1858,0,0,419,1439,0,1858,33
1643,137840,70,pair_012_n3_012_conflict,conflict,1,0,0,12.560000000000002,0.07026833333333332,1100000,7721760,62941,747,3392365,0,0,0,0.0,1858,1858,0,0,419,1439,0,1858,33
1644,137916,76,pair_003_n5_003_control,control,1,0,0,12.500000000000002,0.07014166666666666,1100000,7726624,62980,749,3394725,0,0,0,0.0,1863,1863,0,0,420,1443,0,1863,33
1645,137987,71,pair_000_n3_000_control,control,1,0,0,12.55,0.07002333333333333,1100000,7731168,63005,750,3396907,0,0,0,0.0,1864,1864,0,0,421,1443,0,1864,33
1646,138063,76,pair_002_n3_002_conflict,conflict,1,0,0,12.500000000000002,0.06989666666666666,1100000,7736032,63030,750,3399263,0,0,0,0.0,1864,1864,0,0,421,1443,0,1864,33
1647,138134,71,pair_001_n5_001_control,control,1,0,0,12.55,0.06977833333333333,1100000,7740576,63048,750,3401496,0,0,0,0.0,1866,1866,0,0,423,1443,0,1866,33
1648,138212,78,pair_000_n5_000_control,control,1,0,0,12.48,0.06964833333333331,1100000,7745568,63085,752,3403892,0,0,0,0.0,1868,1868,0,0,424,1444,0,1868,33
1649,138284,72,pair_004_n5_004_control,control,1,0,0,12.540000000000003,0.06952833333333333,1100000,7750176,63123,754,3406176,0,0,0,0.0,1872,1872,0,0,425,1447,0,1872,33
1650,138358,74,pair_001_n5_001_conflict,conflict,1,0,0,12.520000000000001,0.069405,1100000,7754912,63174,755,3408445,0,0,0,0.0,1873,1873,0,0,425,1448,0,1873,33
1651,138427,69,pair_008_n5_008_conflict,conflict,1,0,0,12.570000000000002,0.06928999999999999,1100000,7759328,63206,756,3410600,0,0,0,0.0,1875,1875,0,0,426,1449,0,1875,33
1652,138500,73,pair_012_n5_012_conflict,conflict,1,0,0,12.530000000000001,0.06916833333333333,1100000,7764000,63239,756,3412867,0,0,0,0.0,1875,1875,0,0,426,1449,0,1875,33
1653,138579,79,pair_009_n5_009_conflict,conflict,1,0,0,12.470000000000002,0.06903666666666666,1100000,7769056,63275,756,3415293,0,0,0,0.0,1877,1877,0,0,428,1449,0,1877,33
1654,138650,71,pair_014_n3_014_control,control,1,0,0,12.55,0.06891833333333333,1100000,7773600,63319,757,3417546,0,0,0,0.0,1878,1878,0,0,429,1449,0,1878,33
1655,138722,72,pair_012_n3_012_control,control,1,0,0,12.540000000000001,0.06879833333333332,1100000,7778208,63350,757,3419782,0,0,0,0.0,1878,1878,0,0,429,1449,0,1878,33
1656,138794,72,pair_011_n5_011_control,control,1,0,0,12.540000000000001,0.06867833333333331,1100000,7782816,63382,758,3422008,0,0,0,0.0,1880,1880,0,0,431,1449,0,1880,33
1657,138866,72,pair_004_n5_004_control,control,1,0,0,12.540000000000001,0.06855833333333333,1100000,7787424,63427,758,3424273,0,0,0,0.0,1880,1880,0,0,431,1449,0,1880,33
1658,138950,84,pair_009_n3_009_conflict,conflict,1,0,0,12.420000000000002,0.06841833333333333,1100000,7792800,63462,760,3426887,0,0,0,0.0,1883,1883,0,0,433,1450,0,1883,33
1659,139025,75,pair_002_n5_002_conflict,conflict,1,0,0,12.510000000000002,0.06829333333333332,1100000,7797600,63496,761,3429214,0,0,0,0.0,1887,1887,0,0,435,1452,0,1887,33
1660,139102,77,pair_002_n3_002_conflict,conflict,1,0,0,12.490000000000002,0.06816499999999998,1100000,7802528,63525,761,3431591,0,0,0,0.0,1888,1888,0,0,436,1452,0,1888,33
1661,139171,69,pair_006_n5_006_control,control,1,0,0,12.570000000000002,0.06805,1100000,7806944,63581,762,3433761,0,0,0,0.0,1891,1891,0,0,437,1454,0,1891,33
1662,139243,72,pair_008_n3_008_conflict,conflict,1,0,0,12.540000000000001,0.06792999999999999,1100000,7811552,63594,762,3436005,0,0,0,0.0,1892,1892,0,0,437,1455,0,1892,33
1663,139317,74,pair_015_n3_015_control,control,1,0,0,12.520000000000001,0.06780666666666665,1100000,7816288,63643,762,3438332,0,0,0,0.0,1893,1893,0,0,438,1455,0,1893,33
1664,139389,72,pair_005_n3_005_conflict,conflict,1,0,0,12.540000000000001,0.06768666666666664,1100000,7820896,63674,762,3440589,0,0,0,0.0,1894,1894,0,0,438,1456,0,1894,33
1665,139458,69,pair_006_n3_006_conflict,conflict,1,0,0,12.570000000000002,0.06757166666666667,1100000,7825312,63692,762,3442746,0,0,0,0.0,1895,1895,0,0,439,1456,0,1895,33
1666,139537,79,pair_013_n5_013_control,control,1,0,0,12.470000000000002,0.06744,1100000,7830368,63738,763,3445178,0,0,0,0.0,1897,1897,0,0,440,1457,0,1897,33
1667,139609,72,pair_010_n3_010_conflict,conflict,1,0,0,12.540000000000003,0.06731999999999999,1100000,7834976,63751,763,3447399,0,0,0,0.0,1897,1897,0,0,440,1457,0,1897,33
1668,139684,75,pair_011_n5_011_conflict,conflict,1,0,0,12.510000000000002,0.06719499999999998,1100000,7839776,63783,764,3449710,0,0,0,0.0,1900,1900,0,0,441,1459,0,1900,33
1669,139756,72,pair_017_n5_017_control,control,1,0,0,12.540000000000003,0.067075,1100000,7844384,63827,764,3451920,0,0,0,0.0,1901,1901,0,0,442,1459,0,1901,33
1670,139877,121,pair_002_n3_002_control,control,1,0,0,12.05,0.06687333333333331,1100000,7852128,63847,764,3455729,0,0,0,0.0,1901,1901,0,0,442,1459,0,1901,33
1671,139946,69,pair_016_n3_016_conflict,conflict,1,0,0,12.570000000000002,0.06675833333333331,1100000,7856544,63878,764,3457881,0,0,0,0.0,1903,1903,0,0,443,1460,0,1903,33
1672,140017,71,pair_014_n5_014_control,control,1,0,0,12.55,0.06663999999999998,1100000,7861088,63920,764,3460043,0,0,0,0.0,1905,1905,0,0,444,1461,0,1905,33
1673,140098,81,pair_007_n5_007_conflict,conflict,1,0,0,12.450000000000001,0.06650499999999998,1100000,7866272,63980,765,3462603,0,0,0,0.0,1907,1907,0,0,445,1462,0,1907,33
1674,140164,66,pair_004_n3_004_conflict,conflict,1,0,0,12.600000000000001,0.06639499999999998,1100000,7870496,64003,765,3464647,0,0,0,0.0,1907,1907,0,0,445,1462,0,1907,33
1675,140239,75,pair_013_n5_013_conflict,conflict,1,0,0,12.510000000000002,0.06627,1100000,7875296,64047,765,3467004,0,0,0,0.0,1908,1908,0,0,446,1462,0,1908,33
1676,140311,72,pair_005_n3_005_control,control,1,0,0,12.540000000000001,0.06614999999999999,1100000,7879904,64082,765,3469247,0,0,0,0.0,1909,1909,0,0,447,1462,0,1909,33
1677,140388,77,pair_007_n3_007_conflict,conflict,1,0,0,12.490000000000002,0.06602166666666665,1100000,7884832,64110,766,3471619,0,0,0,0.0,1912,1912,0,0,449,1463,0,1912,33
1678,140460,72,pair_017_n5_017_conflict,conflict,1,0,0,12.540000000000003,0.06590166666666666,1100000,7889440,64141,766,3473824,0,0,0,0.0,1912,1912,0,0,449,1463,0,1912,33
1679,140527,67,pair_014_n3_014_control,control,1,0,0,12.590000000000002,0.06578999999999999,1100000,7893728,64172,766,3475906,0,0,0,0.0,1914,1914,0,0,450,1464,0,1914,33
1680,140596,69,pair_001_n5_001_conflict,conflict,1,0,0,12.570000000000002,0.06567499999999998,1100000,7898144,64193,767,3478055,0,0,0,0.0,1915,1915,0,0,450,1465,0,1915,33
1681,140668,72,pair_010_n3_010_control,control,1,0,0,12.540000000000003,0.065555,1100000,7902752,64208,767,3480257,0,0,0,0.0,1916,1916,0,0,450,1466,0,1916,33
1682,140747,79,pair_004_n3_004_control,control,1,0,0,12.470000000000002,0.06542333333333333,1100000,7907808,64236,767,3482668,0,0,0,0.0,1917,1917,0,0,450,1467,0,1917,33
1683,140813,66,pair_016_n3_016_control,control,1,0,0,12.600000000000001,0.06531333333333333,1100000,7912032,64266,767,3484639,0,0,0,0.0,1919,1919,0,0,451,1468,0,1919,33
1684,140886,73,pair_017_n3_017_control,control,1,0,0,12.530000000000001,0.06519166666666665,1100000,7916704,64304,767,3486872,0,0,0,0.0,1921,1921,0,0,452,1469,0,1921,33
1685,140956,70,pair_008_n3_008_control,control,1,0,0,12.560000000000002,0.065075,1100000,7921184,64323,767,3488988,0,0,0,0.0,1921,1921,0,0,452,1469,0,1921,33
1686,141027,71,pair_011_n3_011_control,control,1,0,0,12.55,0.06495666666666666,1100000,7925728,64338,768,3491129,0,0,0,0.0,1922,1922,0,0,452,1470,0,1922,33
1687,141098,71,pair_002_n5_002_control,control,1,0,0,12.55,0.06483833333333333,1100000,7930272,64384,768,3493286,0,0,0,0.0,1923,1923,0,0,453,1470,0,1923,33
1688,141170,72,pair_008_n5_008_conflict,conflict,1,0,0,12.540000000000001,0.06471833333333332,1100000,7934880,64424,768,3495463,0,0,0,0.0,1924,1924,0,0,454,1470,0,1924,33
1689,141240,70,pair_012_n5_012_conflict,conflict,1,0,0,12.560000000000002,0.06460166666666667,1100000,7939360,64448,768,3497540,0,0,0,0.0,1925,1925,0,0,455,1470,0,1925,33
1690,141318,78,pair_005_n5_005_conflict,conflict,1,0,0,12.48,0.06447166666666665,1100000,7944352,64483,768,3499906,0,0,0,0.0,1926,1926,0,0,456,1470,0,1926,33
1691,141387,69,pair_009_n3_009_control,control,1,0,0,12.570000000000002,0.06435666666666665,1100000,7948768,64520,768,3502049,0,0,0,0.0,1927,1927,0,0,457,1470,0,1927,33
1692,141459,72,pair_014_n5_014_conflict,conflict,1,0,0,12.540000000000001,0.06423666666666666,1100000,7953376,64556,768,3504207,0,0,0,0.0,1928,1928,0,0,458,1470,0,1928,33
1693,141528,69,pair_017_n3_017_conflict,conflict,1,0,0,12.570000000000002,0.06412166666666666,1100000,7957792,64591,768,3506254,0,0,0,0.0,1930,1930,0,0,459,1471,0,1930,33
1694,141601,73,pair_001_n5_001_control,control,1,0,0,12.530000000000001,0.064,1100000,7962464,64614,769,3508394,0,0,0,0.0,1932,1932,0,0,459,1473,0,1932,33
1695,141673,72,pair_012_n5_012_control,control,1,0,0,12.540000000000001,0.06387999999999999,1100000,7967072,64653,769,3510550,0,0,0,0.0,1934,1934,0,0,461,1473,0,1934,33
1696,141745,72,pair_011_n3_011_conflict,conflict,1,0,0,12.540000000000003,0.06375999999999998,1100000,7971680,64669,770,3512717,0,0,0,0.0,1936,1936,0,0,461,1475,0,1936,33
1697,141811,66,pair_000_n3_000_control,control,1,0,0,12.600000000000001,0.06364999999999998,1100000,7975904,64694,770,3514672,0,0,0,0.0,1936,1936,0,0,461,1475,0,1936,33
1698,141884,73,pair_003_n3_003_conflict,conflict,1,0,0,12.530000000000001,0.06352833333333333,1100000,7980576,64717,771,3516813,0,0,0,0.0,1937,1937,0,0,461,1476,0,1937,33
1699,141952,68,pair_007_n5_007_control,control,1,0,0,12.580000000000002,0.063415,1100000,7984928,64760,771,3518790,0,0,0,0.0,1938,1938,0,0,462,1476,0,1938,33
1700,142025,73,pair_009_n5_009_conflict,conflict,1,0,0,12.530000000000001,0.06329333333333331,1100000,7989600,64785,771,3520925,0,0,0,0.0,1940,1940,0,0,463,1477,0,1940,33
1701,142100,75,pair_000_n5_000_conflict,conflict,1,0,0,12.510000000000002,0.06316833333333333,1100000,7994400,64823,772,3523090,0,0,0,0.0,1942,1942,0,0,463,1479,0,1942,33
1702,142168,68,pair_015_n3_015_conflict,conflict,1,0,0,12.580000000000002,0.063055,1100000,7998752,64861,772,3525081,0,0,0,0.0,1943,1943,0,0,464,1479,0,1943,33
1703,142239,71,pair_013_n3_013_conflict,conflict,1,0,0,12.55,0.06293666666666667,1100000,8003296,64901,772,3527160,0,0,0,0.0,1944,1944,0,0,465,1479,0,1944,33
1704,142311,72,pair_012_n3_012_conflict,conflict,1,0,0,12.540000000000001,0.06281666666666666,1100000,8007904,64932,772,3529330,0,0,0,0.0,1945,1945,0,0,466,1479,0,1945,33
1705,142385,74,pair_016_n5_016_conflict,conflict,1,0,0,12.520000000000001,0.06269333333333332,1100000,8012640,64981,772,3531496,0,0,0,0.0,1946,1946,0,0,467,1479,0,1946,33
1706,142455,70,pair_007_n3_007_control,control,1,0,0,12.560000000000002,0.06257666666666667,1100000,8017120,65008,772,3533545,0,0,0,0.0,1947,1947,0,0,468,1479,0,1947,33
1707,142534,79,pair_004_n5_004_conflict,conflict,1,0,0,12.470000000000002,0.062445,1100000,8022176,65054,775,3535839,0,0,0,0.0,1950,1950,0,0,469,1481,0,1950,33
1708,142606,72,pair_015_n5_015_control,control,1,0,0,12.540000000000001,0.06232499999999999,1100000,8026784,65104,775,3537966,0,0,0,0.0,1951,1951,0,0,470,1481,0,1951,33
1709,142676,70,pair_006_n3_006_control,control,1,0,0,12.560000000000002,0.06220833333333331,1100000,8031264,65132,775,3540085,0,0,0,0.0,1952,1952,0,0,471,1481,0,1952,33
1710,142747,71,pair_000_n5_000_control,control,1,0,0,12.55,0.06208999999999998,1100000,8035808,65161,775,3542207,0,0,0,0.0,1952,1952,0,0,471,1481,0,1952,33
1711,142822,75,pair_009_n5_009_control,control,1,0,0,12.510000000000002,0.06196499999999999,1100000,8040608,65218,775,3544489,0,0,0,0.0,1953,1953,0,0,472,1481,0,1953,33
1712,142891,69,pair_016_n5_016_control,control,1,0,0,12.570000000000002,0.06184999999999999,1100000,8045024,65263,775,3546489,0,0,0,0.0,1955,1955,0,0,473,1482,0,1955,33
1713,142963,72,pair_013_n3_013_control,control,1,0,0,12.540000000000001,0.06172999999999998,1100000,8049632,65306,775,3548665,0,0,0,0.0,1956,1956,0,0,474,1482,0,1956,33
1714,143034,71,pair_008_n5_008_control,control,1,0,0,12.55,0.06161166666666665,1100000,8054176,65352,775,3550842,0,0,0,0.0,1957,1957,0,0,475,1482,0,1957,33
1715,143103,69,pair_001_n3_001_conflict,conflict,1,0,0,12.570000000000002,0.061496666666666644,1100000,8058592,65372,775,3552910,0,0,0,0.0,1957,1957,0,0,475,1482,0,1957,33
1716,143171,68,pair_000_n3_000_conflict,conflict,1,0,0,12.580000000000002,0.06138333333333332,1100000,8062944,65397,775,3554903,0,0,0,0.0,1957,1957,0,0,475,1482,0,1957,33
1717,143248,77,pair_010_n5_010_control,control,1,0,0,12.490000000000002,0.061254999999999976,1100000,8067872,65413,775,3557166,0,0,0,0.0,1957,1957,0,0,475,1482,0,1957,33
1718,143317,69,pair_010_n5_010_conflict,conflict,1,0,0,12.570000000000002,0.06114,1100000,8072288,65440,775,3559281,0,0,0,0.0,1957,1957,0,0,475,1482,0,1957,33
1719,143393,76,pair_006_n5_006_conflict,conflict,1,0,0,12.500000000000002,0.061013333333333336,1100000,8077152,65476,775,3561607,0,0,0,0.0,1957,1957,0,0,475,1482,0,1957,33
1720,143463,70,pair_015_n5_015_conflict,conflict,1,0,0,12.560000000000002,0.060896666666666655,1100000,8081632,65528,775,3563687,0,0,0,0.0,1959,1959,0,0,475,1484,0,1959,33
1721,143542,79,pair_001_n3_001_control,control,1,0,0,12.470000000000002,0.060764999999999986,1100000,8086688,65557,775,3566070,0,0,0,0.0,1959,1959,0,0,475,1484,0,1959,33
1722,143610,68,pair_003_n5_003_control,control,1,0,0,12.580000000000002,0.06065166666666666,1100000,8091040,65591,775,3568114,0,0,0,0.0,1959,1959,0,0,475,1484,0,1959,33
1723,143683,73,pair_003_n5_003_conflict,conflict,1,0,0,12.530000000000001,0.06053,1100000,8095712,65617,775,3570295,0,0,0,0.0,1959,1959,0,0,475,1484,0,1959,33
1724,143758,75,pair_012_n3_012_control,control,1,0,0,12.510000000000002,0.060404999999999986,1100000,8100512,65643,775,3572599,0,0,0,0.0,1959,1959,0,0,475,1484,0,1959,33
1725,143828,70,pair_003_n3_003_control,control,1,0,0,12.560000000000002,0.06028833333333333,1100000,8104992,65662,775,3574712,0,0,0,0.0,1959,1959,0,0,475,1484,0,1959,33
1726,143906,78,pair_005_n5_005_control,control,1,0,0,12.480000000000002,0.060158333333333314,1100000,8109984,65729,779,3577082,0,0,0,0.0,1964,1964,0,0,476,1488,0,1964,33
1727,143979,73,pair_014_n3_014_conflict,conflict,1,0,0,12.530000000000001,0.060036666666666655,1100000,8114656,65767,779,3579241,0,0,0,0.0,1966,1966,0,0,477,1489,0,1966,33
1728,144047,68,pair_015_n5_015_control,control,1,0,0,12.580000000000002,0.05992333333333333,1100000,8119008,65825,780,3581261,0,0,0,0.0,1968,1968,0,0,478,1490,0,1968,33
1729,144119,72,pair_002_n3_002_conflict,conflict,1,0,0,12.540000000000001,0.05980333333333332,1100000,8123616,65847,781,3583382,0,0,0,0.0,1969,1969,0,0,478,1491,0,1969,33
1730,144194,75,pair_010_n5_010_conflict,conflict,1,0,0,12.510000000000002,0.05967833333333333,1100000,8128416,65871,783,3585591,0,0,0,0.0,1972,1972,0,0,480,1492,0,1972,33
1731,144266,72,pair_009_n5_009_conflict,conflict,1,0,0,12.540000000000001,0.059558333333333324,1100000,8133024,65928,784,3587802,0,0,0,0.0,1975,1975,0,0,480,1495,0,1975,33
1732,144343,77,pair_013_n3_013_conflict,conflict,1,0,0,12.490000000000002,0.05942999999999998,1100000,8137952,65976,784,3590058,0,0,0,0.0,1977,1977,0,0,481,1496,0,1977,33
1733,144411,68,pair_010_n5_010_control,control,1,0,0,12.580000000000002,0.059316666666666656,1100000,8142304,65990,784,3592105,0,0,0,0.0,1978,1978,0,0,481,1497,0,1978,33
1734,144480,69,pair_016_n3_016_conflict,conflict,1,0,0,12.570000000000002,0.05920166666666665,1100000,8146720,66018,784,3594192,0,0,0,0.0,1979,1979,0,0,481,1498,0,1979,33
1735,144547,67,pair_014_n3_014_conflict,conflict,1,0,0,12.590000000000002,0.059089999999999976,1100000,8151008,66044,784,3596226,0,0,0,0.0,1979,1979,0,0,481,1498,0,1979,33
1736,144625,78,pair_009_n3_009_control,control,1,0,0,12.48,0.058959999999999985,1100000,8156000,66097,786,3598688,0,0,0,0.0,1981,1981,0,0,483,1498,0,1981,33
1737,144698,73,pair_011_n3_011_control,control,1,0,0,12.530000000000001,0.058838333333333326,1100000,8160672,66139,786,3600908,0,0,0,0.0,1981,1981,0,0,483,1498,0,1981,33
1738,144772,74,pair_015_n5_015_conflict,conflict,1,0,0,12.520000000000001,0.05871499999999999,1100000,8165408,66159,786,3603079,0,0,0,0.0,1981,1981,0,0,483,1498,0,1981,33
1739,144842,70,pair_011_n5_011_conflict,conflict,1,0,0,12.560000000000002,0.058598333333333336,1100000,8169888,66183,786,3605159,0,0,0,0.0,1981,1981,0,0,483,1498,0,1981,33
1740,144914,72,pair_011_n5_011_control,control,1,0,0,12.540000000000003,0.05847833333333333,1100000,8174496,66234,787,3607381,0,0,0,0.0,1983,1983,0,0,484,1499,0,1983,33
1741,144984,70,pair_000_n5_000_control,control,1,0,0,12.560000000000002,0.058361666666666645,1100000,8178976,66269,788,3609477,0,0,0,0.0,1984,1984,0,0,484,1500,0,1984,33
1742,145053,69,pair_000_n3_000_control,control,1,0,0,12.570000000000002,0.05824666666666667,1100000,8183392,66294,788,3611548,0,0,0,0.0,1984,1984,0,0,484,1500,0,1984,33
1743,145122,69,pair_006_n3_006_control,control,1,0,0,12.570000000000002,0.058131666666666665,1100000,8187808,66328,788,3613684,0,0,0,0.0,1985,1985,0,0,485,1500,0,1985,33
1744,145191,69,pair_012_n5_012_control,control,1,0,0,12.570000000000002,0.05801666666666666,1100000,8192224,66369,788,3615806,0,0,0,0.0,1986,1986,0,0,486,1500,0,1986,33
1745,145263,72,pair_005_n3_005_conflict,conflict,1,0,0,12.540000000000003,0.05789666666666665,1100000,8196832,66399,789,3618054,0,0,0,0.0,1987,1987,0,0,486,1501,0,1987,33
1746,145329,66,pair_009_n5_009_control,control,1,0,0,12.600000000000001,0.05778666666666665,1100000,8201056,66429,789,3620063,0,0,0,0.0,1989,1989,0,0,487,1502,0,1989,33
1747,145395,66,pair_008_n3_008_conflict,conflict,1,0,0,12.600000000000001,0.057676666666666654,1100000,8205280,66448,789,3622068,0,0,0,0.0,1989,1989,0,0,487,1502,0,1989,33
1748,145466,71,pair_005_n5_005_control,control,1,0,0,12.55,0.05755833333333332,1100000,8209824,66498,789,3624160,0,0,0,0.0,1989,1989,0,0,487,1502,0,1989,33
1749,145537,71,pair_016_n5_016_conflict,conflict,1,0,0,12.55,0.05743999999999999,1100000,8214368,66531,789,3626262,0,0,0,0.0,1991,1991,0,0,488,1503,0,1991,33
1750,145609,72,pair_004_n5_004_control,control,1,0,0,12.540000000000003,0.05731999999999998,1100000,8218976,66577,790,3628436,0,0,0,0.0,1993,1993,0,0,489,1504,0,1993,33
1751,145683,74,pair_003_n3_003_control,control,1,0,0,12.520000000000001,0.057196666666666646,1100000,8223712,66607,790,3630729,0,0,0,0.0,1993,1993,0,0,489,1504,0,1993,33
1752,145753,70,pair_004_n3_004_conflict,conflict,1,0,0,12.560000000000002,0.05707999999999999,1100000,8228192,66629,790,3632858,0,0,0,0.0,1993,1993,0,0,489,1504,0,1993,33
1753,145823,70,pair_010_n3_010_conflict,conflict,1,0,0,12.560000000000002,0.05696333333333331,1100000,8232672,66644,790,3635041,0,0,0,0.0,1995,1995,0,0,489,1506,0,1995,33
1754,145898,75,pair_002_n5_002_conflict,conflict,1,0,0,12.510000000000002,0.056838333333333324,1100000,8237472,66681,791,3637241,0,0,0,0.0,1998,1998,0,0,491,1507,0,1998,33
1755,145970,72,pair_000_n3_000_conflict,conflict,1,0,0,12.540000000000003,0.056718333333333315,1100000,8242080,66712,792,3639358,0,0,0,0.0,2000,2000,0,0,491,1509,0,2000,33
1756,146042,72,pair_015_n3_015_conflict,conflict,1,0,0,12.540000000000001,0.056598333333333334,1100000,8246688,66739,792,3641535,0,0,0,0.0,2001,2001,0,0,492,1509,0,2001,33
1757,146110,68,pair_010_n3_010_control,control,1,0,0,12.580000000000002,0.05648499999999998,1100000,8251040,66765,792,3643593,0,0,0,0.0,2001,2001,0,0,492,1509,0,2001,33
1758,146182,72,pair_014_n5_014_control,control,1,0,0,12.540000000000001,0.056365,1100000,8255648,66819,792,3645757,0,0,0,0.0,2002,2002,0,0,493,1509,0,2002,33
1759,146252,70,pair_004_n3_004_control,control,1,0,0,12.560000000000002,0.05624833333333332,1100000,8260128,66845,792,3647799,0,0,0,0.0,2002,2002,0,0,493,1509,0,2002,33
1760,146319,67,pair_014_n3_014_control,control,1,0,0,12.590000000000002,0.05613666666666667,1100000,8264416,66882,792,3649747,0,0,0,0.0,2003,2003,0,0,494,1509,0,2003,33
1761,146494,175,pair_012_n5_012_conflict,conflict,1,0,0,11.510000000000002,0.05584499999999998,1100000,8275616,66907,792,3654906,0,0,0,0.0,2004,2004,0,0,494,1510,0,2004,33
1762,146567,73,pair_008_n5_008_control,control,1,0,0,12.530000000000001,0.05572333333333332,1100000,8280288,66958,792,3657067,0,0,0,0.0,2005,2005,0,0,495,1510,0,2005,33
1763,146636,69,pair_011_n3_011_conflict,conflict,1,0,0,12.570000000000002,0.055608333333333315,1100000,8284704,66989,793,3659056,0,0,0,0.0,2008,2008,0,0,495,1513,0,2008,33
1764,146706,70,pair_017_n5_017_conflict,conflict,1,0,0,12.560000000000002,0.05549166666666666,1100000,8289184,67029,793,3661115,0,0,0,0.0,2008,2008,0,0,495,1513,0,2008,33
1765,146776,70,pair_002_n3_002_control,control,1,0,0,12.560000000000002,0.05537499999999998,1100000,8293664,67049,793,3663230,0,0,0,0.0,2008,2008,0,0,495,1513,0,2008,33
1766,146844,68,pair_000_n5_000_conflict,conflict,1,0,0,12.580000000000002,0.05526166666666665,1100000,8298016,67076,793,3665234,0,0,0,0.0,2008,2008,0,0,495,1513,0,2008,33
1767,146911,67,pair_012_n3_012_control,control,1,0,0,12.590000000000002,0.05514999999999998,1100000,8302304,67101,793,3667157,0,0,0,0.0,2008,2008,0,0,495,1513,0,2008,33
1768,146978,67,pair_003_n3_003_conflict,conflict,1,0,0,12.590000000000002,0.05503833333333333,1100000,8306592,67118,793,3669197,0,0,0,0.0,2008,2008,0,0,495,1513,0,2008,33
1769,147050,72,pair_003_n5_003_control,control,1,0,0,12.540000000000003,0.05491833333333332,1100000,8311200,67137,793,3671321,0,0,0,0.0,2008,2008,0,0,495,1513,0,2008,33
1770,147120,70,pair_014_n5_014_conflict,conflict,1,0,0,12.560000000000002,0.054801666666666665,1100000,8315680,67164,793,3673290,0,0,0,0.0,2008,2008,0,0,495,1513,0,2008,33
1771,147189,69,pair_003_n5_003_conflict,conflict,1,0,0,12.570000000000002,0.05468666666666666,1100000,8320096,67187,795,3675246,0,0,0,0.0,2010,2010,0,0,496,1514,0,2010,33
1772,147261,72,pair_005_n3_005_control,control,1,0,0,12.540000000000001,0.05456666666666665,1100000,8324704,67213,796,3677331,0,0,0,0.0,2011,2011,0,0,497,1514,0,2011,33
1773,147330,69,pair_007_n3_007_conflict,conflict,1,0,0,12.570000000000002,0.05445166666666665,1100000,8329120,67244,796,3679367,0,0,0,0.0,2012,2012,0,0,497,1515,0,2012,33
1774,147400,70,pair_016_n5_016_control,control,1,0,0,12.560000000000002,0.054334999999999994,1100000,8333600,67274,796,3681392,0,0,0,0.0,2012,2012,0,0,497,1515,0,2012,33
1775,147479,79,pair_001_n5_001_conflict,conflict,1,0,0,12.470000000000002,0.054203333333333326,1100000,8338656,67284,796,3683700,0,0,0,0.0,2013,2013,0,0,497,1516,0,2013,33
1776,147557,78,pair_006_n5_006_conflict,conflict,1,0,0,12.48,0.054073333333333334,1100000,8343648,67341,798,3685984,0,0,0,0.0,2014,2014,0,0,498,1516,0,2014,33
1777,147629,72,pair_001_n3_001_control,control,1,0,0,12.540000000000001,0.053953333333333325,1100000,8348256,67371,798,3688019,0,0,0,0.0,2015,2015,0,0,498,1517,0,2015,33
1778,147698,69,pair_008_n5_008_conflict,conflict,1,0,0,12.570000000000002,0.05383833333333332,1100000,8352672,67408,799,3690009,0,0,0,0.0,2016,2016,0,0,498,1518,0,2016,33
1779,147765,67,pair_001_n5_001_control,control,1,0,0,12.590000000000002,0.053726666666666645,1100000,8356960,67427,799,3691906,0,0,0,0.0,2016,2016,0,0,498,1518,0,2016,33
1780,147843,78,pair_007_n5_007_control,control,1,0,0,12.480000000000002,0.053596666666666654,1100000,8361952,67478,802,3694160,0,0,0,0.0,2019,2019,0,0,499,1520,0,2019,33
1781,147911,68,pair_013_n5_013_conflict,conflict,1,0,0,12.580000000000002,0.05348333333333333,1100000,8366304,67503,802,3696149,0,0,0,0.0,2019,2019,0,0,499,1520,0,2019,33
1782,147986,75,pair_013_n3_013_control,control,1,0,0,12.510000000000002,0.05335833333333331,1100000,8371104,67531,802,3698312,0,0,0,0.0,2019,2019,0,0,499,1520,0,2019,33
1783,148052,66,pair_005_n5_005_conflict,conflict,1,0,0,12.600000000000001,0.053248333333333314,1100000,8375328,67555,802,3700284,0,0,0,0.0,2019,2019,0,0,499,1520,0,2019,33
1784,148121,69,pair_007_n5_007_conflict,conflict,1,0,0,12.570000000000002,0.05313333333333331,1100000,8379744,67603,803,3702268,0,0,0,0.0,2020,2020,0,0,499,1521,0,2020,33
1785,148191,70,pair_013_n5_013_control,control,1,0,0,12.560000000000002,0.053016666666666656,1100000,8384224,67668,803,3704341,0,0,0,0.0,2020,2020,0,0,499,1521,0,2020,33
1786,148263,72,pair_009_n3_009_conflict,conflict,1,0,0,12.540000000000001,0.05289666666666665,1100000,8388832,67711,804,3706408,0,0,0,0.0,2022,2022,0,0,499,1523,0,2022,33
1787,148333,70,pair_016_n3_016_control,control,1,0,0,12.560000000000002,0.052779999999999994,1100000,8393312,67737,804,3708398,0,0,0,0.0,2022,2022,0,0,499,1523,0,2022,33
1788,148404,71,pair_004_n5_004_conflict,conflict,1,0,0,12.55,0.05266166666666666,1100000,8397856,67773,804,3710480,0,0,0,0.0,2023,2023,0,0,499,1524,0,2023,33
1789,148473,69,pair_017_n3_017_control,control,1,0,0,12.570000000000002,0.05254666666666666,1100000,8402272,67809,804,3712476,0,0,0,0.0,2024,2024,0,0,499,1525,0,2024,33
1790,148539,66,pair_002_n5_002_control,control,1,0,0,12.600000000000001,0.05243666666666666,1100000,8406496,67837,804,3714433,0,0,0,0.0,2025,2025,0,0,500,1525,0,2025,33
1791,148608,69,pair_017_n3_017_conflict,conflict,1,0,0,12.570000000000002,0.052321666666666655,1100000,8410912,67863,804,3716457,0,0,0,0.0,2025,2025,0,0,500,1525,0,2025,33
1792,148674,66,pair_001_n3_001_conflict,conflict,1,0,0,12.600000000000001,0.052211666666666656,1100000,8415136,67872,804,3718415,0,0,0,0.0,2025,2025,0,0,500,1525,0,2025,33
1793,148745,71,pair_006_n3_006_conflict,conflict,1,0,0,12.55,0.052093333333333325,1100000,8419680,67912,804,3720503,0,0,0,0.0,2026,2026,0,0,501,1525,0,2026,33
1794,148816,71,pair_015_n3_015_control,control,1,0,0,12.55,0.05197499999999999,1100000,8424224,67944,804,3722647,0,0,0,0.0,2027,2027,0,0,502,1525,0,2027,33
1795,148888,72,pair_012_n3_012_conflict,conflict,1,0,0,12.540000000000001,0.051854999999999984,1100000,8428832,67966,804,3724758,0,0,0,0.0,2028,2028,0,0,503,1525,0,2028,33
1796,148964,76,pair_007_n3_007_control,control,1,0,0,12.500000000000002,0.05172833333333332,1100000,8433696,68016,804,3726968,0,0,0,0.0,2029,2029,0,0,504,1525,0,2029,33
1797,149030,66,pair_006_n5_006_control,control,1,0,0,12.600000000000001,0.05161833333333332,1100000,8437920,68046,804,3728912,0,0,0,0.0,2030,2030,0,0,505,1525,0,2030,33
1798,149103,73,pair_008_n3_008_control,control,1,0,0,12.530000000000001,0.05149666666666666,1100000,8442592,68061,804,3731044,0,0,0,0.0,2031,2031,0,0,505,1526,0,2031,33
1799,149169,66,pair_017_n5_017_control,control,1,0,0,12.600000000000001,0.051386666666666664,1100000,8446816,68102,804,3732942,0,0,0,0.0,2032,2032,0,0,506,1526,0,2032,33
1800,149237,68,pair_005_n5_005_conflict,conflict,1,0,0,12.580000000000002,0.05127333333333331,1100000,8451168,68138,805,3734937,0,0,0,0.0,2034,2034,0,0,506,1528,0,2034,33
1801,149308,71,pair_011_n3_011_conflict,conflict,1,0,0,12.55,0.05115499999999998,1100000,8455712,68153,805,3737046,0,0,0,0.0,2035,2035,0,0,507,1528,0,2035,33
1802,149376,68,pair_009_n5_009_control,control,1,0,0,12.580000000000002,0.05104166666666665,1100000,8460064,68199,805,3739054,0,0,0,0.0,2036,2036,0,0,508,1528,0,2036,33
1803,149445,69,pair_015_n5_015_conflict,conflict,1,0,0,12.570000000000002,0.05092666666666665,1100000,8464480,68259,806,3741101,0,0,0,0.0,2040,2040,0,0,510,1530,0,2040,33
1804,149515,70,pair_007_n3_007_control,control,1,0,0,12.560000000000002,0.050809999999999994,1100000,8468960,68287,806,3743185,0,0,0,0.0,2041,2041,0,0,511,1530,0,2041,33
1805,149581,66,pair_010_n5_010_control,control,1,0,0,12.600000000000001,0.050699999999999995,1100000,8473184,68306,806,3745144,0,0,0,0.0,2043,2043,0,0,511,1532,0,2043,33
1806,149647,66,pair_013_n5_013_control,control,1,0,0,12.600000000000001,0.050589999999999996,1100000,8477408,68354,806,3747096,0,0,0,0.0,2044,2044,0,0,512,1532,0,2044,33
1807,149720,73,pair_015_n5_015_control,control,1,0,0,12.530000000000001,0.05046833333333331,1100000,8482080,68407,806,3749284,0,0,0,0.0,2045,2045,0,0,513,1532,0,2045,33
1808,149791,71,pair_007_n5_007_control,control,1,0,0,12.55,0.05034999999999998,1100000,8486624,68441,807,3751427,0,0,0,0.0,2047,2047,0,0,514,1533,0,2047,33
1809,149862,71,pair_003_n3_003_control,control,1,0,0,12.55,0.05023166666666665,1100000,8491168,68469,807,3753502,0,0,0,0.0,2047,2047,0,0,514,1533,0,2047,33
1810,149933,71,pair_010_n3_010_conflict,conflict,1,0,0,12.55,0.050113333333333315,1100000,8495712,68495,807,3755615,0,0,0,0.0,2047,2047,0,0,514,1533,0,2047,33
1811,150001,68,pair_003_n5_003_control,control,1,0,0,12.580000000000002,0.04999999999999999,1100000,8500064,68510,807,3757665,0,0,0,0.0,2047,2047,0,0,514,1533,0,2047,33
1812,150076,75,pair_004_n3_004_control,control,1,0,0,12.510000000000002,0.04999999999999999,1100000,8504864,68533,807,3759907,0,0,0,0.0,2047,2047,0,0,514,1533,0,2047,33
1813,150152,76,pair_003_n5_003_conflict,conflict,1,0,0,12.500000000000002,0.04999999999999999,1100000,8509728,68563,807,3762099,0,0,0,0.0,2047,2047,0,0,514,1533,0,2047,33
1814,150255,103,pair_017_n5_017_control,control,1,0,0,12.23,0.04999999999999999,1100000,8516320,68603,808,3765159,0,0,0,0.0,2050,2050,0,0,515,1535,0,2050,33
1815,150325,70,pair_002_n5_002_conflict,conflict,1,0,0,12.560000000000002,0.04999999999999999,1100000,8520800,68624,808,3767173,0,0,0,0.0,2050,2050,0,0,515,1535,0,2050,33
1816,150396,71,pair_005_n3_005_control,control,1,0,0,12.55,0.04999999999999999,1100000,8525344,68655,808,3769239,0,0,0,0.0,2050,2050,0,0,515,1535,0,2050,33
1817,150462,66,pair_016_n5_016_conflict,conflict,1,0,0,12.600000000000001,0.04999999999999999,1100000,8529568,68681,808,3771134,0,0,0,0.0,2050,2050,0,0,515,1535,0,2050,33
1818,150530,68,pair_015_n3_015_control,control,1,0,0,12.580000000000002,0.04999999999999999,1100000,8533920,68706,808,3773105,0,0,0,0.0,2051,2051,0,0,516,1535,0,2051,33
1819,150600,70,pair_001_n5_001_control,control,1,0,0,12.560000000000002,0.04999999999999999,1100000,8538400,68716,808,3775147,0,0,0,0.0,2051,2051,0,0,516,1535,0,2051,33
1820,150672,72,pair_000_n5_000_control,control,1,0,0,12.540000000000001,0.04999999999999999,1100000,8543008,68755,810,3777271,0,0,0,0.0,2052,2052,0,0,516,1536,0,2052,33
1821,150743,71,pair_014_n5_014_control,control,1,0,0,12.55,0.04999999999999999,1100000,8547552,68798,810,3779315,0,0,0,0.0,2054,2054,0,0,518,1536,0,2054,33
1822,150812,69,pair_012_n3_012_conflict,conflict,1,0,0,12.570000000000002,0.04999999999999999,1100000,8551968,68837,810,3781269,0,0,0,0.0,2055,2055,0,0,519,1536,0,2055,33
1823,150890,78,pair_011_n3_011_control,control,1,0,0,12.480000000000002,0.04999999999999999,1100000,8556960,68866,811,3783556,0,0,0,0.0,2056,2056,0,0,519,1537,0,2056,33
1824,150961,71,pair_002_n5_002_control,control,1,0,0,12.55,0.04999999999999999,1100000,8561504,68895,813,3785694,0,0,0,0.0,2057,2057,0,0,519,1538,0,2057,33
1825,151032,71,pair_017_n5_017_conflict,conflict,1,0,0,12.55,0.04999999999999999,1100000,8566048,68940,813,3787785,0,0,0,0.0,2057,2057,0,0,519,1538,0,2057,33
1826,151104,72,pair_009_n5_009_conflict,conflict,1,0,0,12.540000000000001,0.04999999999999999,1100000,8570656,68985,814,3789928,0,0,0,0.0,2059,2059,0,0,519,1540,0,2059,33
1827,151176,72,pair_012_n5_012_control,control,1,0,0,12.540000000000001,0.04999999999999999,1100000,8575264,69010,814,3792076,0,0,0,0.0,2059,2059,0,0,519,1540,0,2059,33
1828,151244,68,pair_014_n5_014_conflict,conflict,1,0,0,12.580000000000002,0.04999999999999999,1100000,8579616,69036,814,3794034,0,0,0,0.0,2059,2059,0,0,519,1540,0,2059,33
1829,151313,69,pair_004_n5_004_conflict,conflict,1,0,0,12.570000000000002,0.04999999999999999,1100000,8584032,69056,814,3796038,0,0,0,0.0,2059,2059,0,0,519,1540,0,2059,33
1830,151384,71,pair_001_n3_001_control,control,1,0,0,12.55,0.04999999999999999,1100000,8588576,69067,814,3798085,0,0,0,0.0,2059,2059,0,0,519,1540,0,2059,33
1831,151450,66,pair_000_n3_000_conflict,conflict,1,0,0,12.600000000000001,0.04999999999999999,1100000,8592800,69092,814,3800019,0,0,0,0.0,2059,2059,0,0,519,1540,0,2059,33
1832,151517,67,pair_002_n3_002_control,control,1,0,0,12.590000000000002,0.04999999999999999,1100000,8597088,69119,814,3801934,0,0,0,0.0,2059,2059,0,0,519,1540,0,2059,33
1833,151593,76,pair_001_n3_001_conflict,conflict,1,0,0,12.500000000000002,0.04999999999999999,1100000,8601952,69128,814,3804165,0,0,0,0.0,2060,2060,0,0,519,1541,0,2060,33
1834,151662,69,pair_000_n5_000_conflict,conflict,1,0,0,12.570000000000002,0.04999999999999999,1100000,8606368,69166,815,3806102,0,0,0,0.0,2061,2061,0,0,519,1542,0,2061,33
1835,151736,74,pair_006_n5_006_control,control,1,0,0,12.520000000000001,0.04999999999999999,1100000,8611104,69196,815,3808214,0,0,0,0.0,2061,2061,0,0,519,1542,0,2061,33
1836,151803,67,pair_006_n3_006_conflict,conflict,1,0,0,12.590000000000002,0.04999999999999999,1100000,8615392,69219,815,3810134,0,0,0,0.0,2061,2061,0,0,519,1542,0,2061,33
1837,151876,73,pair_008_n5_008_conflict,conflict,1,0,0,12.530000000000001,0.04999999999999999,1100000,8620064,69240,815,3812171,0,0,0,0.0,2061,2061,0,0,519,1542,0,2061,33
1838,151945,69,pair_009_n3_009_control,control,1,0,0,12.570000000000002,0.04999999999999999,1100000,8624480,69267,815,3814179,0,0,0,0.0,2061,2061,0,0,519,1542,0,2061,33
1839,152015,70,pair_008_n3_008_conflict,conflict,1,0,0,12.560000000000002,0.04999999999999999,1100000,8628960,69276,815,3816121,0,0,0,0.0,2061,2061,0,0,519,1542,0,2061,33
1840,152089,74,pair_016_n5_016_control,control,1,0,0,12.520000000000001,0.04999999999999999,1100000,8633696,69304,815,3818243,0,0,0,0.0,2061,2061,0,0,519,1542,0,2061,33
1841,152165,76,pair_011_n5_011_conflict,conflict,1,0,0,12.500000000000002,0.04999999999999999,1100000,8638560,69362,816,3820365,0,0,0,0.0,2065,2065,0,0,522,1543,0,2065,33
1842,152235,70,pair_014_n3_014_conflict,conflict,1,0,0,12.560000000000002,0.04999999999999999,1100000,8643040,69390,816,3822385,0,0,0,0.0,2065,2065,0,0,522,1543,0,2065,33
1843,152307,72,pair_012_n3_012_control,control,1,0,0,12.540000000000003,0.04999999999999999,1100000,8647648,69416,817,3824400,0,0,0,0.0,2066,2066,0,0,522,1544,0,2066,33
1844,152378,71,pair_016_n3_016_conflict,conflict,1,0,0,12.55,0.04999999999999999,1100000,8652192,69441,817,3826348,0,0,0,0.0,2066,2066,0,0,522,1544,0,2066,33
1845,152450,72,pair_013_n3_013_control,control,1,0,0,12.540000000000001,0.04999999999999999,1100000,8656800,69457,817,3828345,0,0,0,0.0,2066,2066,0,0,522,1544,0,2066,33
1846,152524,74,pair_017_n3_017_control,control,1,0,0,12.520000000000001,0.04999999999999999,1100000,8661536,69483,817,3830433,0,0,0,0.0,2066,2066,0,0,522,1544,0,2066,33
1847,152603,79,pair_012_n5_012_conflict,conflict,1,0,0,12.470000000000002,0.04999999999999999,1100000,8666592,69510,817,3832608,0,0,0,0.0,2068,2068,0,0,523,1545,0,2068,33
1848,152670,67,pair_008_n5_008_control,control,1,0,0,12.590000000000002,0.04999999999999999,1100000,8670880,69557,817,3834530,0,0,0,0.0,2068,2068,0,0,523,1545,0,2068,33
1849,152740,70,pair_008_n3_008_control,control,1,0,0,12.560000000000002,0.04999999999999999,1100000,8675360,69569,818,3836436,0,0,0,0.0,2069,2069,0,0,524,1545,0,2069,33
1850,152816,76,pair_002_n3_002_conflict,conflict,1,0,0,12.500000000000002,0.04999999999999999,1100000,8680224,69596,819,3838527,0,0,0,0.0,2072,2072,0,0,525,1547,0,2072,33
1851,152886,70,pair_017_n3_017_conflict,conflict,1,0,0,12.560000000000002,0.04999999999999999,1100000,8684704,69627,819,3840378,0,0,0,0.0,2072,2072,0,0,525,1547,0,2072,33
1852,152958,72,pair_005_n5_005_control,control,1,0,0,12.540000000000003,0.04999999999999999,1100000,8689312,69660,821,3842373,0,0,0,0.0,2074,2074,0,0,525,1549,0,2074,33
1853,153030,72,pair_007_n3_007_conflict,conflict,1,0,0,12.540000000000001,0.04999999999999999,1100000,8693920,69695,823,3844364,0,0,0,0.0,2076,2076,0,0,526,1550,0,2076,33
1854,153102,72,pair_005_n3_005_conflict,conflict,1,0,0,12.540000000000001,0.04999999999999999,1100000,8698528,69721,824,3846313,0,0,0,0.0,2077,2077,0,0,527,1550,0,2077,33
1855,153174,72,pair_013_n5_013_conflict,conflict,1,0,0,12.540000000000001,0.04999999999999999,1100000,8703136,69749,824,3848279,0,0,0,0.0,2077,2077,0,0,527,1550,0,2077,33
1856,153246,72,pair_000_n3_000_control,control,1,0,0,12.540000000000003,0.04999999999999999,1100000,8707744,69780,826,3850233,0,0,0,0.0,2079,2079,0,0,527,1552,0,2079,33
1857,153320,74,pair_006_n3_006_control,control,1,0,0,12.520000000000001,0.04999999999999999,1100000,8712480,69809,826,3852266,0,0,0,0.0,2079,2079,0,0,527,1552,0,2079,33
1858,153389,69,pair_007_n5_007_conflict,conflict,1,0,0,12.570000000000002,0.04999999999999999,1100000,8716896,69847,826,3854169,0,0,0,0.0,2079,2079,0,0,527,1552,0,2079,33
1859,153464,75,pair_016_n3_016_control,control,1,0,0,12.510000000000002,0.04999999999999999,1100000,8721696,69873,826,3856264,0,0,0,0.0,2079,2079,0,0,527,1552,0,2079,33
1860,153536,72,pair_001_n5_001_conflict,conflict,1,0,0,12.540000000000001,0.04999999999999999,1100000,8726304,69883,826,3858185,0,0,0,0.0,2079,2079,0,0,527,1552,0,2079,33
1861,153619,83,pair_003_n3_003_conflict,conflict,1,0,0,12.430000000000001,0.04999999999999999,1100000,8731616,69898,827,3860415,0,0,0,0.0,2080,2080,0,0,527,1553,0,2080,33
1862,153690,71,pair_014_n3_014_control,control,1,0,0,12.55,0.04999999999999999,1100000,8736160,69935,827,3862385,0,0,0,0.0,2082,2082,0,0,527,1555,0,2082,33
1863,153756,66,pair_004_n5_004_control,control,1,0,0,12.600000000000001,0.04999999999999999,1100000,8740384,69966,827,3864183,0,0,0,0.0,2082,2082,0,0,527,1555,0,2082,33
1864,153824,68,pair_013_n3_013_conflict,conflict,1,0,0,12.580000000000002,0.04999999999999999,1100000,8744736,69990,827,3866029,0,0,0,0.0,2083,2083,0,0,528,1555,0,2083,33
1865,153921,97,pair_009_n3_009_conflict,conflict,1,0,0,12.290000000000001,0.04999999999999999,1100000,8750944,70011,827,3868603,0,0,0,0.0,2083,2083,0,0,528,1555,0,2083,33
1866,153996,75,pair_010_n5_010_conflict,conflict,1,0,0,12.510000000000002,0.04999999999999999,1100000,8755744,70037,828,3870570,0,0,0,0.0,2085,2085,0,0,529,1556,0,2085,33
1867,154068,72,pair_010_n3_010_control,control,1,0,0,12.540000000000001,0.04999999999999999,1100000,8760352,70053,830,3872461,0,0,0,0.0,2087,2087,0,0,530,1557,0,2087,33
1868,154139,71,pair_004_n3_004_conflict,conflict,1,0,0,12.55,0.04999999999999999,1100000,8764896,70081,830,3874289,0,0,0,0.0,2088,2088,0,0,530,1558,0,2088,33
1869,154211,72,pair_006_n5_006_conflict,conflict,1,0,0,12.540000000000001,0.04999999999999999,1100000,8769504,70110,831,3876233,0,0,0,0.0,2090,2090,0,0,531,1559,0,2090,33
1870,154281,70,pair_015_n3_015_conflict,conflict,1,0,0,12.560000000000002,0.04999999999999999,1100000,8773984,70141,832,3878058,0,0,0,0.0,2092,2092,0,0,532,1560,0,2092,33
1871,154353,72,pair_011_n5_011_control,control,1,0,0,12.540000000000001,0.04999999999999999,1100000,8778592,70174,832,3879934,0,0,0,0.0,2094,2094,0,0,533,1561,0,2094,33
1872,154428,75,pair_008_n5_008_conflict,conflict,1,0,0,12.510000000000002,0.04999999999999999,1100000,8783392,70221,834,3881923,0,0,0,0.0,2098,2098,0,0,536,1562,0,2098,33
1873,154500,72,pair_003_n5_003_control,control,1,0,0,12.540000000000001,0.04999999999999999,1100000,8788000,70248,836,3883834,0,0,0,0.0,2100,2100,0,0,538,1562,0,2100,33
1874,154572,72,pair_004_n5_004_control,control,1,0,0,12.540000000000001,0.04999999999999999,1100000,8792608,70285,836,3885758,0,0,0,0.0,2102,2102,0,0,538,1564,0,2102,33
1875,154644,72,pair_004_n3_004_conflict,conflict,1,0,0,12.540000000000001,0.04999999999999999,1100000,8797216,70313,836,3887710,0,0,0,0.0,2103,2103,0,0,538,1565,0,2103,33
1876,154714,70,pair_016_n3_016_conflict,conflict,1,0,0,12.560000000000002,0.04999999999999999,1100000,8801696,70344,837,3889535,0,0,0,0.0,2104,2104,0,0,539,1565,0,2104,33
1877,154784,70,pair_006_n3_006_control,control,1,0,0,12.560000000000002,0.04999999999999999,1100000,8806176,70362,837,3891418,0,0,0,0.0,2105,2105,0,0,540,1565,0,2105,33
1878,154850,66,pair_017_n3_017_conflict,conflict,1,0,0,12.600000000000001,0.04999999999999999,1100000,8810400,70394,837,3893154,0,0,0,0.0,2106,2106,0,0,541,1565,0,2106,33
1879,154928,78,pair_002_n5_002_control,control,1,0,0,12.480000000000002,0.04999999999999999,1100000,8815392,70435,839,3895276,0,0,0,0.0,2110,2110,0,0,543,1567,0,2110,33
1880,155005,77,pair_001_n3_001_conflict,conflict,1,0,0,12.490000000000002,0.04999999999999999,1100000,8820320,70450,840,3897325,0,0,0,0.0,2111,2111,0,0,544,1567,0,2111,33
1881,155073,68,pair_003_n5_003_conflict,conflict,1,0,0,12.580000000000002,0.04999999999999999,1100000,8824672,70490,841,3899079,0,0,0,0.0,2112,2112,0,0,545,1567,0,2112,33
1882,155150,77,pair_009_n3_009_control,control,1,0,0,12.490000000000002,0.04999999999999999,1100000,8829600,70517,842,3901112,0,0,0,0.0,2114,2114,0,0,546,1568,0,2114,33
1883,155220,70,pair_011_n3_011_conflict,conflict,1,0,0,12.560000000000002,0.04999999999999999,1100000,8834080,70560,843,3903014,0,0,0,0.0,2115,2115,0,0,546,1569,0,2115,33
1884,155286,66,pair_013_n3_013_control,control,1,0,0,12.600000000000001,0.04999999999999999,1100000,8838304,70607,843,3904761,0,0,0,0.0,2115,2115,0,0,546,1569,0,2115,33
1885,155356,70,pair_005_n3_005_control,control,1,0,0,12.560000000000002,0.04999999999999999,1100000,8842784,70637,844,3906626,0,0,0,0.0,2116,2116,0,0,547,1569,0,2116,33
1886,155422,66,pair_010_n5_010_control,control,1,0,0,12.600000000000001,0.04999999999999999,1100000,8847008,70656,844,3908384,0,0,0,0.0,2116,2116,0,0,547,1569,0,2116,33
1887,155490,68,pair_014_n5_014_control,control,1,0,0,12.580000000000002,0.04999999999999999,1100000,8851360,70697,844,3910114,0,0,0,0.0,2117,2117,0,0,548,1569,0,2117,33
1888,155560,70,pair_017_n5_017_conflict,conflict,1,0,0,12.560000000000002,0.04999999999999999,1100000,8855840,70730,844,3911971,0,0,0,0.0,2117,2117,0,0,548,1569,0,2117,33
1889,155636,76,pair_002_n3_002_conflict,conflict,1,0,0,12.500000000000002,0.04999999999999999,1100000,8860704,70760,845,3913991,0,0,0,0.0,2118,2118,0,0,549,1569,0,2118,33
1890,155704,68,pair_017_n5_017_control,control,1,0,0,12.580000000000002,0.04999999999999999,1100000,8865056,70801,845,3915822,0,0,0,0.0,2119,2119,0,0,550,1569,0,2119,33
1891,155777,73,pair_016_n5_016_control,control,1,0,0,12.530000000000001,0.04999999999999999,1100000,8869728,70843,845,3917867,0,0,0,0.0,2120,2120,0,0,551,1569,0,2120,33
1892,155845,68,pair_000_n5_000_conflict,conflict,1,0,0,12.580000000000002,0.04999999999999999,1100000,8874080,70879,846,3919723,0,0,0,0.0,2121,2121,0,0,551,1570,0,2121,33
1893,155920,75,pair_014_n5_014_conflict,conflict,1,0,0,12.510000000000002,0.04999999999999999,1100000,8878880,70910,846,3921771,0,0,0,0.0,2123,2123,0,0,552,1571,0,2123,33
1894,155989,69,pair_004_n5_004_conflict,conflict,1,0,0,12.570000000000002,0.04999999999999999,1100000,8883296,70941,847,3923628,0,0,0,0.0,2123,2123,0,0,552,1571,0,2123,33
1895,156061,72,pair_010_n3_010_control,control,1,0,0,12.540000000000003,0.04999999999999999,1100000,8887904,70955,848,3925633,0,0,0,0.0,2124,2124,0,0,552,1572,0,2124,33
1896,156135,74,pair_013_n5_013_conflict,conflict,1,0,0,12.520000000000001,0.04999999999999999,1100000,8892640,70995,848,3927643,0,0,0,0.0,2125,2125,0,0,553,1572,0,2125,33
1897,156207,72,pair_007_n3_007_control,control,1,0,0,12.540000000000001,0.04999999999999999,1100000,8897248,71022,849,3929666,0,0,0,0.0,2127,2127,0,0,554,1573,0,2127,33
1898,156278,71,pair_016_n5_016_conflict,conflict,1,0,0,12.55,0.04999999999999999,1100000,8901792,71054,849,3931629,0,0,0,0.0,2128,2128,0,0,555,1573,0,2128,33
1899,156349,71,pair_014_n3_014_control,control,1,0,0,12.55,0.04999999999999999,1100000,8906336,71088,849,3933525,0,0,0,0.0,2130,2130,0,0,557,1573,0,2130,33
1900,156422,73,pair_003_n3_003_control,control,1,0,0,12.530000000000001,0.04999999999999999,1100000,8911008,71104,849,3935490,0,0,0,0.0,2132,2132,0,0,557,1575,0,2132,33
1901,156494,72,pair_000_n3_000_control,control,1,0,0,12.540000000000003,0.04999999999999999,1100000,8915616,71131,850,3937428,0,0,0,0.0,2133,2133,0,0,558,1575,0,2133,33
1902,156566,72,pair_010_n3_010_conflict,conflict,1,0,0,12.540000000000001,0.04999999999999999,1100000,8920224,71145,850,3939414,0,0,0,0.0,2135,2135,0,0,558,1577,0,2135,33
1903,156638,72,pair_009_n5_009_control,control,1,0,0,12.540000000000001,0.04999999999999999,1100000,8924832,71177,850,3941306,0,0,0,0.0,2137,2137,0,0,559,1578,0,2137,33
1904,156706,68,pair_015_n5_015_conflict,conflict,1,0,0,12.580000000000002,0.04999999999999999,1100000,8929184,71213,851,3943139,0,0,0,0.0,2141,2141,0,0,563,1578,0,2141,33
1905,156778,72,pair_008_n3_008_conflict,conflict,1,0,0,12.540000000000003,0.04999999999999999,1100000,8933792,71228,852,3945022,0,0,0,0.0,2142,2142,0,0,564,1578,0,2142,33
1906,156844,66,pair_007_n3_007_conflict,conflict,1,0,0,12.600000000000001,0.04999999999999999,1100000,8938016,71251,852,3946755,0,0,0,0.0,2143,2143,0,0,565,1578,0,2143,33
1907,156925,81,pair_007_n5_007_conflict,conflict,1,0,0,12.450000000000001,0.04999999999999999,1100000,8943200,71293,855,3948917,0,0,0,0.0,2149,2149,0,0,568,1581,0,2149,33
1908,156992,67,pair_012_n5_012_control,control,1,0,0,12.590000000000002,0.04999999999999999,1100000,8947488,71327,855,3950696,0,0,0,0.0,2150,2150,0,0,569,1581,0,2150,33
1909,157064,72,pair_009_n3_009_conflict,conflict,1,0,0,12.540000000000001,0.04999999999999999,1100000,8952096,71352,856,3952610,0,0,0,0.0,2152,2152,0,0,571,1581,0,2152,33
1910,157141,77,pair_015_n5_015_control,control,1,0,0,12.490000000000002,0.04999999999999999,1100000,8957024,71379,856,3954677,0,0,0,0.0,2153,2153,0,0,572,1581,0,2153,33
1911,157213,72,pair_000_n3_000_conflict,conflict,1,0,0,12.540000000000001,0.04999999999999999,1100000,8961632,71419,856,3956492,0,0,0,0.0,2153,2153,0,0,572,1581,0,2153,33
1912,157297,84,pair_008_n5_008_control,control,1,0,0,12.420000000000002,0.04999999999999999,1100000,8967008,71470,858,3958698,0,0,0,0.0,2157,2157,0,0,576,1581,0,2157,33
1913,157363,66,pair_004_n3_004_control,control,1,0,0,12.600000000000001,0.04999999999999999,1100000,8971232,71499,858,3960488,0,0,0,0.0,2157,2157,0,0,576,1581,0,2157,33
1914,157431,68,pair_017_n3_017_control,control,1,0,0,12.580000000000002,0.04999999999999999,1100000,8975584,71531,858,3962282,0,0,0,0.0,2158,2158,0,0,577,1581,0,2158,33
1915,157510,79,pair_007_n5_007_control,control,1,0,0,12.470000000000002,0.04999999999999999,1100000,8980640,71563,858,3964390,0,0,0,0.0,2161,2161,0,0,579,1582,0,2161,33
1916,157582,72,pair_005_n3_005_conflict,conflict,1,0,0,12.540000000000003,0.04999999999999999,1100000,8985248,71601,859,3966324,0,0,0,0.0,2163,2163,0,0,580,1583,0,2163,33
1917,157649,67,pair_002_n3_002_control,control,1,0,0,12.590000000000002,0.04999999999999999,1100000,8989536,71628,859,3968126,0,0,0,0.0,2164,2164,0,0,581,1583,0,2164,33
1918,157717,68,pair_015_n3_015_control,control,1,0,0,12.580000000000002,0.04999999999999999,1100000,8993888,71655,859,3969851,0,0,0,0.0,2165,2165,0,0,582,1583,0,2165,33
1919,157793,76,pair_015_n3_015_conflict,conflict,1,0,0,12.500000000000002,0.04999999999999999,1100000,8998752,71695,859,3971824,0,0,0,0.0,2165,2165,0,0,582,1583,0,2165,33
1920,157866,73,pair_006_n3_006_conflict,conflict,1,0,0,12.530000000000001,0.04999999999999999,1100000,9003424,71722,859,3973738,0,0,0,0.0,2166,2166,0,0,582,1584,0,2166,33
1921,157941,75,pair_011_n5_011_conflict,conflict,1,0,0,12.510000000000002,0.04999999999999999,1100000,9008224,71753,859,3975713,0,0,0,0.0,2167,2167,0,0,583,1584,0,2167,33
1922,158013,72,pair_000_n5_000_control,control,1,0,0,12.540000000000001,0.04999999999999999,1100000,9012832,71789,861,3977623,0,0,0,0.0,2169,2169,0,0,585,1584,0,2169,33
1923,158086,73,pair_006_n5_006_control,control,1,0,0,12.530000000000001,0.04999999999999999,1100000,9017504,71829,861,3979611,0,0,0,0.0,2169,2169,0,0,585,1584,0,2169,33
1924,158158,72,pair_005_n5_005_conflict,conflict,1,0,0,12.540000000000003,0.04999999999999999,1100000,9022112,71858,861,3981508,0,0,0,0.0,2171,2171,0,0,585,1586,0,2171,33
1925,158224,66,pair_014_n3_014_conflict,conflict,1,0,0,12.600000000000001,0.04999999999999999,1100000,9026336,71893,861,3983260,0,0,0,0.0,2171,2171,0,0,585,1586,0,2171,33
1926,158296,72,pair_011_n3_011_control,control,1,0,0,12.540000000000001,0.04999999999999999,1100000,9030944,71934,861,3985244,0,0,0,0.0,2172,2172,0,0,585,1587,0,2172,33
1927,158366,70,pair_013_n3_013_conflict,conflict,1,0,0,12.560000000000002,0.04999999999999999,1100000,9035424,71976,861,3987162,0,0,0,0.0,2172,2172,0,0,585,1587,0,2172,33
1928,158440,74,pair_012_n5_012_conflict,conflict,1,0,0,12.520000000000001,0.04999999999999999,1100000,9040160,72006,862,3989176,0,0,0,0.0,2173,2173,0,0,585,1588,0,2173,33
1929,158512,72,pair_012_n3_012_control,control,1,0,0,12.540000000000003,0.04999999999999999,1100000,9044768,72033,863,3991114,0,0,0,0.0,2174,2174,0,0,586,1588,0,2174,33
1930,158578,66,pair_008_n3_008_control,control,1,0,0,12.600000000000001,0.04999999999999999,1100000,9048992,72067,863,3992878,0,0,0,0.0,2174,2174,0,0,586,1588,0,2174,33
1931,158645,67,pair_003_n3_003_conflict,conflict,1,0,0,12.590000000000002,0.04999999999999999,1100000,9053280,72085,863,3994618,0,0,0,0.0,2174,2174,0,0,586,1588,0,2174,33
1932,158712,67,pair_006_n5_006_conflict,conflict,1,0,0,12.590000000000002,0.04999999999999999,1100000,9057568,72122,863,3996375,0,0,0,0.0,2174,2174,0,0,586,1588,0,2174,33
1933,158781,69,pair_013_n5_013_control,control,1,0,0,12.570000000000002,0.04999999999999999,1100000,9061984,72147,863,3998201,0,0,0,0.0,2174,2174,0,0,586,1588,0,2174,33
1934,158849,68,pair_016_n3_016_control,control,1,0,0,12.580000000000002,0.04999999999999999,1100000,9066336,72174,863,4000034,0,0,0,0.0,2174,2174,0,0,586,1588,0,2174,33
1935,158918,69,pair_010_n5_010_conflict,conflict,1,0,0,12.570000000000002,0.04999999999999999,1100000,9070752,72209,864,4001813,0,0,0,0.0,2175,2175,0,0,586,1589,0,2175,33
1936,158996,78,pair_011_n5_011_control,control,1,0,0,12.48,0.04999999999999999,1100000,9075744,72271,864,4003896,0,0,0,0.0,2178,2178,0,0,586,1592,0,2178,33
1937,159071,75,pair_002_n5_002_conflict,conflict,1,0,0,12.510000000000002,0.04999999999999999,1100000,9080544,72311,867,4005879,0,0,0,0.0,2183,2183,0,0,587,1596,0,2183,33
1938,159144,73,pair_012_n3_012_conflict,conflict,1,0,0,12.530000000000001,0.04999999999999999,1100000,9085216,72341,868,4007786,0,0,0,0.0,2184,2184,0,0,587,1597,0,2184,33
1939,159212,68,pair_001_n5_001_control,control,1,0,0,12.580000000000002,0.04999999999999999,1100000,9089568,72356,868,4009634,0,0,0,0.0,2185,2185,0,0,587,1598,0,2185,33
1940,159284,72,pair_005_n5_005_control,control,1,0,0,12.540000000000001,0.04999999999999999,1100000,9094176,72389,869,4011613,0,0,0,0.0,2187,2187,0,0,588,1599,0,2187,33
1941,159364,80,pair_001_n3_001_control,control,1,0,0,12.46,0.04999999999999999,1100000,9099296,72420,870,4013746,0,0,0,0.0,2190,2190,0,0,588,1602,0,2190,33
1942,159434,70,pair_009_n5_009_conflict,conflict,1,0,0,12.560000000000002,0.04999999999999999,1100000,9103776,72461,871,4015639,0,0,0,0.0,2191,2191,0,0,588,1603,0,2191,33
1943,159503,69,pair_001_n5_001_conflict,conflict,1,0,0,12.570000000000002,0.04999999999999999,1100000,9108192,72477,872,4017502,0,0,0,0.0,2192,2192,0,0,589,1603,0,2192,33
1944,159573,70,pair_013_n5_013_control,control,1,0,0,12.560000000000002,0.04999999999999999,1100000,9112672,72505,872,4019372,0,0,0,0.0,2192,2192,0,0,589,1603,0,2192,33
1945,159644,71,pair_006_n5_006_control,control,1,0,0,12.55,0.04999999999999999,1100000,9117216,72566,874,4021301,0,0,0,0.0,2194,2194,0,0,589,1605,0,2194,33
1946,159716,72,pair_002_n5_002_control,control,1,0,0,12.540000000000001,0.04999999999999999,1100000,9121824,72595,876,4023208,0,0,0,0.0,2196,2196,0,0,590,1606,0,2196,33
1947,159791,75,pair_003_n5_003_conflict,conflict,1,0,0,12.510000000000002,0.04999999999999999,1100000,9126624,72641,879,4025194,0,0,0,0.0,2201,2201,0,0,591,1610,0,2201,33
1948,159857,66,pair_011_n3_011_control,control,1,0,0,12.600000000000001,0.04999999999999999,1100000,9130848,72654,879,4026986,0,0,0,0.0,2201,2201,0,0,591,1610,0,2201,33
1949,159930,73,pair_014_n5_014_control,control,1,0,0,12.530000000000001,0.04999999999999999,1100000,9135520,72709,880,4028928,0,0,0,0.0,2205,2205,0,0,594,1611,0,2205,33
1950,160000,70,pair_012_n5_012_control,control,1,0,0,12.560000000000002,0.04999999999999999,1100000,9140000,72753,882,4030773,0,0,0,0.0,2209,2209,0,0,596,1613,0,2209,33
1951,160072,72,pair_011_n3_011_conflict,conflict,1,0,0,12.540000000000001,0.04999999999999999,1100000,9144608,72784,882,4032743,0,0,0,0.0,2210,2210,0,0,596,1614,0,2210,33
1952,160150,78,pair_005_n3_005_conflict,conflict,1,0,0,12.480000000000002,0.04999999999999999,1100000,9149600,72823,883,4034872,0,0,0,0.0,2213,2213,0,0,597,1616,0,2213,33
1953,160219,69,pair_008_n5_008_conflict,conflict,1,0,0,12.570000000000002,0.04999999999999999,1100000,9154016,72872,883,4036760,0,0,0,0.0,2214,2214,0,0,597,1617,0,2214,33
1954,160297,78,pair_004_n3_004_control,control,1,0,0,12.48,0.04999999999999999,1100000,9159008,72907,884,4038872,0,0,0,0.0,2215,2215,0,0,598,1617,0,2215,33
1955,160367,70,pair_010_n3_010_conflict,conflict,1,0,0,12.560000000000002,0.04999999999999999,1100000,9163488,72936,884,4040797,0,0,0,0.0,2216,2216,0,0,599,1617,0,2216,33
1956,160439,72,pair_017_n5_017_control,control,1,0,0,12.540000000000001,0.04999999999999999,1100000,9168096,72971,884,4042793,0,0,0,0.0,2217,2217,0,0,600,1617,0,2217,33
1957,160511,72,pair_015_n5_015_conflict,conflict,1,0,0,12.540000000000001,0.04999999999999999,1100000,9172704,73008,885,4044835,0,0,0,0.0,2218,2218,0,0,600,1618,0,2218,33
1958,160582,71,pair_000_n5_000_conflict,conflict,1,0,0,12.55,0.04999999999999999,1100000,9177248,73046,886,4046798,0,0,0,0.0,2220,2220,0,0,601,1619,0,2220,33
1959,160654,72,pair_010_n3_010_control,control,1,0,0,12.540000000000001,0.04999999999999999,1100000,9181856,73062,886,4048800,0,0,0,0.0,2221,2221,0,0,602,1619,0,2221,33
1960,160734,80,pair_001_n5_001_conflict,conflict,1,0,0,12.46,0.04999999999999999,1100000,9186976,73114,886,4051065,0,0,0,0.0,2223,2223,0,0,602,1621,0,2223,33
1961,160810,76,pair_014_n3_014_conflict,conflict,1,0,0,12.500000000000002,0.04999999999999999,1100000,9191840,73150,886,4053217,0,0,0,0.0,2225,2225,0,0,604,1621,0,2225,33
1962,160880,70,pair_004_n5_004_conflict,conflict,1,0,0,12.560000000000002,0.04999999999999999,1100000,9196320,73185,886,4055193,0,0,0,0.0,2226,2226,0,0,604,1622,0,2226,33
1963,160955,75,pair_012_n5_012_conflict,conflict,1,0,0,12.510000000000002,0.04999999999999999,1100000,9201120,73216,887,4057302,0,0,0,0.0,2228,2228,0,0,605,1623,0,2228,33
1964,161024,69,pair_011_n5_011_conflict,conflict,1,0,0,12.570000000000002,0.04999999999999999,1100000,9205536,73248,888,4059251,0,0,0,0.0,2230,2230,0,0,606,1624,0,2230,33
1965,161095,71,pair_010_n5_010_control,control,1,0,0,12.55,0.04999999999999999,1100000,9210080,73282,888,4061258,0,0,0,0.0,2231,2231,0,0,606,1625,0,2231,33
1966,161163,68,pair_015_n3_015_control,control,1,0,0,12.580000000000002,0.04999999999999999,1100000,9214432,73309,888,4063190,0,0,0,0.0,2232,2232,0,0,607,1625,0,2232,33
1967,161235,72,pair_013_n3_013_conflict,conflict,1,0,0,12.540000000000001,0.04999999999999999,1100000,9219040,73348,888,4065169,0,0,0,0.0,2233,2233,0,0,608,1625,0,2233,33
1968,161307,72,pair_009_n3_009_conflict,conflict,1,0,0,12.540000000000003,0.04999999999999999,1100000,9223648,73374,889,4067207,0,0,0,0.0,2235,2235,0,0,609,1626,0,2235,33
1969,161377,70,pair_015_n3_015_conflict,conflict,1,0,0,12.560000000000002,0.04999999999999999,1100000,9228128,73404,889,4069176,0,0,0,0.0,2236,2236,0,0,610,1626,0,2236,33
1970,161455,78,pair_002_n3_002_control,control,1,0,0,12.48,0.04999999999999999,1100000,9233120,73438,890,4071406,0,0,0,0.0,2239,2239,0,0,610,1629,0,2239,33
1971,161525,70,pair_004_n5_004_control,control,1,0,0,12.560000000000002,0.04999999999999999,1100000,9237600,73472,891,4073375,0,0,0,0.0,2240,2240,0,0,610,1630,0,2240,33
1972,161599,74,pair_015_n5_015_control,control,1,0,0,12.520000000000001,0.04999999999999999,1100000,9242336,73510,891,4075444,0,0,0,0.0,2241,2241,0,0,611,1630,0,2241,33
1973,161670,71,pair_012_n3_012_control,control,1,0,0,12.55,0.04999999999999999,1100000,9246880,73537,891,4077455,0,0,0,0.0,2241,2241,0,0,611,1630,0,2241,33
1974,161740,70,pair_003_n3_003_conflict,conflict,1,0,0,12.560000000000002,0.04999999999999999,1100000,9251360,73557,892,4079488,0,0,0,0.0,2243,2243,0,0,611,1632,0,2243,33
1975,161810,70,pair_000_n3_000_conflict,conflict,1,0,0,12.560000000000002,0.04999999999999999,1100000,9255840,73586,893,4081449,0,0,0,0.0,2244,2244,0,0,611,1633,0,2244,33
1976,161883,73,pair_016_n5_016_control,control,1,0,0,12.530000000000001,0.04999999999999999,1100000,9260512,73630,893,4083586,0,0,0,0.0,2245,2245,0,0,611,1634,0,2245,33
1977,161955,72,pair_007_n3_007_control,control,1,0,0,12.540000000000001,0.04999999999999999,1100000,9265120,73657,895,4085662,0,0,0,0.0,2248,2248,0,0,613,1635,0,2248,33
1978,162027,72,pair_005_n3_005_control,control,1,0,0,12.540000000000003,0.04999999999999999,1100000,9269728,73687,896,4087695,0,0,0,0.0,2250,2250,0,0,614,1636,0,2250,33
1979,162099,72,pair_004_n3_004_conflict,conflict,1,0,0,12.540000000000001,0.04999999999999999,1100000,9274336,73716,898,4089743,0,0,0,0.0,2252,2252,0,0,614,1638,0,2252,33
1980,162169,70,pair_008_n3_008_control,control,1,0,0,12.560000000000002,0.04999999999999999,1100000,9278816,73730,899,4091709,0,0,0,0.0,2254,2254,0,0,615,1639,0,2254,33
1981,162241,72,pair_001_n3_001_control,control,1,0,0,12.540000000000003,0.04999999999999999,1100000,9283424,73743,900,4093752,0,0,0,0.0,2256,2256,0,0,615,1641,0,2256,33
1982,162310,69,pair_016_n3_016_conflict,conflict,1,0,0,12.570000000000002,0.04999999999999999,1100000,9287840,73775,900,4095736,0,0,0,0.0,2257,2257,0,0,616,1641,0,2257,33
1983,162382,72,pair_006_n3_006_control,control,1,0,0,12.540000000000003,0.04999999999999999,1100000,9292448,73793,900,4097782,0,0,0,0.0,2258,2258,0,0,617,1641,0,2258,33
1984,162455,73,pair_000_n5_000_control,control,1,0,0,12.530000000000001,0.04999999999999999,1100000,9297120,73830,900,4099900,0,0,0,0.0,2259,2259,0,0,617,1642,0,2259,33
1985,162528,73,pair_017_n5_017_conflict,conflict,1,0,0,12.530000000000001,0.04999999999999999,1100000,9301792,73866,900,4102003,0,0,0,0.0,2260,2260,0,0,618,1642,0,2260,33
1986,162606,78,pair_006_n5_006_conflict,conflict,1,0,0,12.480000000000002,0.04999999999999999,1100000,9306784,73895,902,4104226,0,0,0,0.0,2263,2263,0,0,619,1644,0,2263,33
1987,162677,71,pair_014_n3_014_control,control,1,0,0,12.55,0.04999999999999999,1100000,9311328,73928,902,4106303,0,0,0,0.0,2265,2265,0,0,621,1644,0,2265,33
1988,162749,72,pair_013_n5_013_conflict,conflict,1,0,0,12.540000000000003,0.04999999999999999,1100000,9315936,73966,902,4108337,0,0,0,0.0,2266,2266,0,0,622,1644,0,2266,33
1989,162816,67,pair_009_n5_009_control,control,1,0,0,12.590000000000002,0.04999999999999999,1100000,9320224,74000,902,4110334,0,0,0,0.0,2267,2267,0,0,623,1644,0,2267,33
1990,162897,81,pair_002_n5_002_conflict,conflict,1,0,0,12.450000000000003,0.04999999999999999,1100000,9325408,74035,906,4112666,0,0,0,0.0,2271,2271,0,0,625,1646,0,2271,33
1991,162972,75,pair_010_n5_010_conflict,conflict,1,0,0,12.510000000000002,0.04999999999999999,1100000,9330208,74060,908,4114816,0,0,0,0.0,2274,2274,0,0,626,1648,0,2274,33
1992,163039,67,pair_008_n3_008_conflict,conflict,1,0,0,12.590000000000002,0.04999999999999999,1100000,9334496,74072,908,4116730,0,0,0,0.0,2274,2274,0,0,626,1648,0,2274,33
1993,163105,66,pair_013_n3_013_control,control,1,0,0,12.600000000000001,0.04999999999999999,1100000,9338720,74107,908,4118666,0,0,0,0.0,2275,2275,0,0,627,1648,0,2275,33
1994,163182,77,pair_014_n5_014_conflict,conflict,1,0,0,12.490000000000002,0.04999999999999999,1100000,9343648,74146,908,4120902,0,0,0,0.0,2277,2277,0,0,629,1648,0,2277,33
1995,163257,75,pair_005_n5_005_conflict,conflict,1,0,0,12.510000000000002,0.04999999999999999,1100000,9348448,74183,909,4123058,0,0,0,0.0,2278,2278,0,0,630,1648,0,2278,33
1996,163332,75,pair_007_n5_007_conflict,conflict,1,0,0,12.510000000000002,0.04999999999999999,1100000,9353248,74217,911,4125205,0,0,0,0.0,2281,2281,0,0,631,1650,0,2281,33
1997,163404,72,pair_009_n5_009_conflict,conflict,1,0,0,12.540000000000001,0.04999999999999999,1100000,9357856,74250,913,4127286,0,0,0,0.0,2283,2283,0,0,633,1650,0,2283,33
1998,163470,66,pair_006_n3_006_conflict,conflict,1,0,0,12.600000000000001,0.04999999999999999,1100000,9362080,74268,913,4129180,0,0,0,0.0,2283,2283,0,0,633,1650,0,2283,33
1999,163540,70,pair_003_n3_003_control,control,1,0,0,12.560000000000002,0.04999999999999999,1100000,9366560,74301,914,4131148,0,0,0,0.0,2284,2284,0,0,633,1651,0,2284,33
2000,163614,74,pair_016_n5_016_conflict,conflict,1,0,0,12.520000000000001,0.04999999999999999,1100000,9371296,74335,914,4133370,0,0,0,0.0,2285,2285,0,0,634,1651,0,2285,33
2001,163683,69,pair_012_n3_012_conflict,conflict,1,0,0,12.570000000000002,0.04999999999999999,1100000,9375712,74365,915,4135438,0,0,0,0.0,2286,2286,0,0,634,1652,0,2286,33
2002,163753,70,pair_016_n3_016_control,control,1,0,0,12.560000000000002,0.04999999999999999,1100000,9380192,74393,915,4137477,0,0,0,0.0,2286,2286,0,0,634,1652,0,2286,33
2003,163827,74,pair_007_n3_007_conflict,conflict,1,0,0,12.520000000000001,0.04999999999999999,1100000,9384928,74434,916,4139575,0,0,0,0.0,2290,2290,0,0,636,1654,0,2290,33
2004,163899,72,pair_007_n5_007_control,control,1,0,0,12.540000000000003,0.04999999999999999,1100000,9389536,74475,918,4141681,0,0,0,0.0,2292,2292,0,0,636,1656,0,2292,33
2005,163965,66,pair_001_n3_001_conflict,conflict,1,0,0,12.600000000000001,0.04999999999999999,1100000,9393760,74502,918,4143589,0,0,0,0.0,2292,2292,0,0,636,1656,0,2292,33
2006,164031,66,pair_011_n5_011_control,control,1,0,0,12.600000000000001,0.04999999999999999,1100000,9397984,74562,918,4145479,0,0,0,0.0,2293,2293,0,0,637,1656,0,2293,33
2007,164100,69,pair_017_n3_017_control,control,1,0,0,12.570000000000002,0.04999999999999999,1100000,9402400,74594,918,4147497,0,0,0,0.0,2294,2294,0,0,638,1656,0,2294,33
2008,164172,72,pair_001_n5_001_control,control,1,0,0,12.540000000000003,0.04999999999999999,1100000,9407008,74632,919,4149553,0,0,0,0.0,2295,2295,0,0,639,1656,0,2295,33
2009,164244,72,pair_002_n3_002_conflict,conflict,1,0,0,12.540000000000001,0.04999999999999999,1100000,9411616,74655,919,4151664,0,0,0,0.0,2296,2296,0,0,640,1656,0,2296,33
2010,164310,66,pair_003_n5_003_control,control,1,0,0,12.600000000000001,0.04999999999999999,1100000,9415840,74703,919,4153646,0,0,0,0.0,2296,2296,0,0,640,1656,0,2296,33
2011,164380,70,pair_017_n3_017_conflict,conflict,1,0,0,12.560000000000002,0.04999999999999999,1100000,9420320,74741,919,4155668,0,0,0,0.0,2297,2297,0,0,640,1657,0,2297,33
2012,164452,72,pair_008_n5_008_control,control,1,0,0,12.540000000000001,0.04999999999999999,1100000,9424928,74766,920,4157748,0,0,0,0.0,2298,2298,0,0,640,1658,0,2298,33
2013,164524,72,pair_005_n5_005_control,control,1,0,0,12.540000000000001,0.04999999999999999,1100000,9429536,74787,922,4159850,0,0,0,0.0,2300,2300,0,0,641,1659,0,2300,33
2014,164597,73,pair_009_n3_009_control,control,1,0,0,12.530000000000001,0.04999999999999999,1100000,9434208,74824,922,4161992,0,0,0,0.0,2300,2300,0,0,641,1659,0,2300,33
2015,164668,71,pair_000_n3_000_control,control,1,0,0,12.55,0.04999999999999999,1100000,9438752,74861,922,4164024,0,0,0,0.0,2301,2301,0,0,641,1660,0,2301,33
2016,164743,75,pair_000_n5_000_conflict,conflict,1,0,0,12.510000000000002,0.04999999999999999,1100000,9443552,74911,925,4166195,0,0,0,0.0,2305,2305,0,0,642,1663,0,2305,33
2017,164812,69,pair_013_n5_013_control,control,1,0,0,12.570000000000002,0.04999999999999999,1100000,9447968,74931,925,4168171,0,0,0,0.0,2305,2305,0,0,642,1663,0,2305,33
2018,164884,72,pair_012_n5_012_control,control,1,0,0,12.540000000000003,0.04999999999999999,1100000,9452576,74957,926,4170240,0,0,0,0.0,2306,2306,0,0,642,1664,0,2306,33
2019,164950,66,pair_001_n3_001_conflict,conflict,1,0,0,12.600000000000001,0.04999999999999999,1100000,9456800,74967,926,4172177,0,0,0,0.0,2307,2307,0,0,642,1665,0,2307,33
2020,165016,66,pair_014_n5_014_conflict,conflict,1,0,0,12.600000000000001,0.04999999999999999,1100000,9461024,74994,926,4174100,0,0,0,0.0,2307,2307,0,0,642,1665,0,2307,33
2021,165087,71,pair_001_n3_001_control,control,1,0,0,12.55,0.04999999999999999,1100000,9465568,75024,926,4176105,0,0,0,0.0,2309,2309,0,0,642,1667,0,2309,33
2022,165157,70,pair_015_n3_015_control,control,1,0,0,12.560000000000002,0.04999999999999999,1100000,9470048,75055,926,4178144,0,0,0,0.0,2309,2309,0,0,642,1667,0,2309,33
2023,165232,75,pair_015_n5_015_conflict,conflict,1,0,0,12.510000000000002,0.04999999999999999,1100000,9474848,75088,926,4180294,0,0,0,0.0,2309,2309,0,0,642,1667,0,2309,33
2024,165308,76,pair_003_n5_003_conflict,conflict,1,0,0,12.500000000000002,0.04999999999999999,1100000,9479712,75106,926,4182432,0,0,0,0.0,2310,2310,0,0,642,1668,0,2310,33
2025,165380,72,pair_010_n5_010_control,control,1,0,0,12.540000000000001,0.04999999999999999,1100000,9484320,75123,926,4184513,0,0,0,0.0,2313,2313,0,0,642,1671,0,2313,33
2026,165479,99,pair_006_n5_006_control,control,1,0,0,12.270000000000001,0.04999999999999999,1100000,9490656,75148,926,4187380,0,0,0,0.0,2314,2314,0,0,642,1672,0,2314,33
2027,165551,72,pair_002_n3_002_conflict,conflict,1,0,0,12.540000000000001,0.04999999999999999,1100000,9495264,75170,927,4189392,0,0,0,0.0,2316,2316,0,0,643,1673,0,2316,33
2028,165623,72,pair_001_n5_001_control,control,1,0,0,12.540000000000001,0.04999999999999999,1100000,9499872,75189,929,4191462,0,0,0,0.0,2318,2318,0,0,645,1673,0,2318,33
2029,165695,72,pair_009_n3_009_conflict,conflict,1,0,0,12.540000000000003,0.04999999999999999,1100000,9504480,75235,931,4193549,0,0,0,0.0,2321,2321,0,0,646,1675,0,2321,33
2030,165767,72,pair_003_n3_003_conflict,conflict,1,0,0,12.540000000000001,0.04999999999999999,1100000,9509088,75278,932,4195610,0,0,0,0.0,2322,2322,0,0,646,1676,0,2322,33
2031,165839,72,pair_007_n3_007_conflict,conflict,1,0,0,12.540000000000003,0.04999999999999999,1100000,9513696,75326,933,4197682,0,0,0,0.0,2323,2323,0,0,647,1676,0,2323,33
2032,165914,75,pair_009_n3_009_control,control,1,0,0,12.510000000000002,0.04999999999999999,1100000,9518496,75344,933,4199838,0,0,0,0.0,2324,2324,0,0,648,1676,0,2324,33
2033,165981,67,pair_011_n3_011_control,control,1,0,0,12.590000000000002,0.04999999999999999,1100000,9522784,75383,933,4201760,0,0,0,0.0,2324,2324,0,0,648,1676,0,2324,33
2034,166047,66,pair_006_n3_006_conflict,conflict,1,0,0,12.600000000000001,0.04999999999999999,1100000,9527008,75419,933,4203658,0,0,0,0.0,2326,2326,0,0,648,1678,0,2326,33
2035,166120,73,pair_012_n3_012_conflict,conflict,1,0,0,12.530000000000001,0.04999999999999999,1100000,9531680,75449,934,4205743,0,0,0,0.0,2327,2327,0,0,649,1678,0,2327,33
2036,166188,68,pair_017_n5_017_control,control,1,0,0,12.580000000000002,0.04999999999999999,1100000,9536032,75476,934,4207719,0,0,0,0.0,2327,2327,0,0,649,1678,0,2327,33
2037,166255,67,pair_000_n3_000_conflict,conflict,1,0,0,12.590000000000002,0.04999999999999999,1100000,9540320,75502,934,4209641,0,0,0,0.0,2327,2327,0,0,649,1678,0,2327,33
2038,166327,72,pair_012_n3_012_control,control,1,0,0,12.540000000000001,0.04999999999999999,1100000,9544928,75529,934,4211796,0,0,0,0.0,2327,2327,0,0,649,1678,0,2327,33
2039,166399,72,pair_003_n5_003_control,control,1,0,0,12.540000000000001,0.04999999999999999,1100000,9549536,75554,935,4213909,0,0,0,0.0,2329,2329,0,0,651,1678,0,2329,33
2040,166469,70,pair_016_n3_016_conflict,conflict,1,0,0,12.560000000000002,0.04999999999999999,1100000,9554016,75580,935,4215890,0,0,0,0.0,2330,2330,0,0,652,1678,0,2330,33
2041,166541,72,pair_000_n5_000_control,control,1,0,0,12.540000000000001,0.04999999999999999,1100000,9558624,75616,936,4217956,0,0,0,0.0,2332,2332,0,0,653,1679,0,2332,33
2042,166616,75,pair_008_n5_008_conflict,conflict,1,0,0,12.510000000000002,0.04999999999999999,1100000,9563424,75639,937,4220153,0,0,0,0.0,2333,2333,0,0,654,1679,0,2333,33
2043,166686,70,pair_010_n3_010_conflict,conflict,1,0,0,12.560000000000002,0.04999999999999999,1100000,9567904,75651,938,4222146,0,0,0,0.0,2335,2335,0,0,654,1681,0,2335,33
2044,166759,73,pair_002_n3_002_control,control,1,0,0,12.530000000000001,0.04999999999999999,1100000,9572576,75672,938,4224284,0,0,0,0.0,2335,2335,0,0,654,1681,0,2335,33
2045,166836,77,pair_010_n3_010_control,control,1,0,0,12.490000000000002,0.04999999999999999,1100000,9577504,75688,939,4226421,0,0,0,0.0,2339,2339,0,0,655,1684,0,2339,33
2046,166908,72,pair_005_n3_005_conflict,conflict,1,0,0,12.540000000000001,0.04999999999999999,1100000,9582112,75716,940,4228458,0,0,0,0.0,2341,2341,0,0,656,1685,0,2341,33
2047,166978,70,pair_005_n5_005_control,control,1,0,0,12.560000000000002,0.04999999999999999,1100000,9586592,75744,941,4230437,0,0,0,0.0,2342,2342,0,0,657,1685,0,2342,33
2048,167047,69,pair_002_n5_002_conflict,conflict,1,0,0,12.570000000000002,0.04999999999999999,1100000,9591008,75769,941,4232310,0,0,0,0.0,2342,2342,0,0,657,1685,0,2342,33
2049,167113,66,pair_002_n5_002_control,control,1,0,0,12.600000000000001,0.04999999999999999,1100000,9595232,75793,941,4234178,0,0,0,0.0,2342,2342,0,0,657,1685,0,2342,33
2050,167184,71,pair_014_n5_014_control,control,1,0,0,12.55,0.04999999999999999,1100000,9599776,75844,943,4236207,0,0,0,0.0,2344,2344,0,0,658,1686,0,2344,33
2051,167257,73,pair_005_n5_005_conflict,conflict,1,0,0,12.530000000000001,0.04999999999999999,1100000,9604448,75892,943,4238272,0,0,0,0.0,2348,2348,0,0,658,1690,0,2348,33
2052,167328,71,pair_014_n3_014_control,control,1,0,0,12.55,0.04999999999999999,1100000,9608992,75926,943,4240182,0,0,0,0.0,2349,2349,0,0,658,1691,0,2349,33
2053,167394,66,pair_008_n5_008_control,control,1,0,0,12.600000000000001,0.04999999999999999,1100000,9613216,75954,943,4242061,0,0,0,0.0,2350,2350,0,0,659,1691,0,2350,33
2054,167467,73,pair_007_n5_007_conflict,conflict,1,0,0,12.530000000000001,0.04999999999999999,1100000,9617888,75988,944,4244122,0,0,0,0.0,2352,2352,0,0,661,1691,0,2352,33
2055,167537,70,pair_011_n5_011_control,control,1,0,0,12.560000000000002,0.04999999999999999,1100000,9622368,76020,945,4246096,0,0,0,0.0,2354,2354,0,0,662,1692,0,2354,33
2056,167605,68,pair_017_n3_017_conflict,conflict,1,0,0,12.580000000000002,0.04999999999999999,1100000,9626720,76052,945,4248034,0,0,0,0.0,2355,2355,0,0,663,1692,0,2355,33
2057,167673,68,pair_016_n3_016_control,control,1,0,0,12.580000000000002,0.04999999999999999,1100000,9631072,76082,945,4249918,0,0,0,0.0,2356,2356,0,0,664,1692,0,2356,33
2058,167743,70,pair_004_n5_004_control,control,1,0,0,12.560000000000002,0.04999999999999999,1100000,9635552,76117,946,4251871,0,0,0,0.0,2357,2357,0,0,665,1692,0,2357,33
2059,167814,71,pair_004_n3_004_conflict,conflict,1,0,0,12.55,0.04999999999999999,1100000,9640096,76147,946,4253874,0,0,0,0.0,2358,2358,0,0,666,1692,0,2358,33
2060,167884,70,pair_016_n5_016_conflict,conflict,1,0,0,12.560000000000002,0.04999999999999999,1100000,9644576,76180,946,4255832,0,0,0,0.0,2360,2360,0,0,667,1693,0,2360,33
2061,167959,75,pair_001_n5_001_conflict,conflict,1,0,0,12.510000000000002,0.04999999999999999,1100000,9649376,76205,948,4257881,0,0,0,0.0,2362,2362,0,0,667,1695,0,2362,33
2062,168029,70,pair_017_n5_017_conflict,conflict,1,0,0,12.560000000000002,0.04999999999999999,1100000,9653856,76241,948,4259869,0,0,0,0.0,2363,2363,0,0,668,1695,0,2363,33
2063,168101,72,pair_003_n3_003_control,control,1,0,0,12.540000000000001,0.04999999999999999,1100000,9658464,76262,948,4261918,0,0,0,0.0,2364,2364,0,0,668,1696,0,2364,33
2064,168169,68,pair_015_n5_015_control,control,1,0,0,12.580000000000002,0.04999999999999999,1100000,9662816,76298,948,4263835,0,0,0,0.0,2365,2365,0,0,669,1696,0,2365,33
2065,168236,67,pair_006_n3_006_control,control,1,0,0,12.590000000000002,0.04999999999999999,1100000,9667104,76316,948,4265743,0,0,0,0.0,2366,2366,0,0,670,1696,0,2366,33
2066,168308,72,pair_007_n5_007_control,control,1,0,0,12.540000000000001,0.04999999999999999,1100000,9671712,76349,950,4267705,0,0,0,0.0,2370,2370,0,0,672,1698,0,2370,33
2067,168386,78,pair_006_n5_006_conflict,conflict,1,0,0,12.48,0.04999999999999999,1100000,9676704,76376,950,4269864,0,0,0,0.0,2372,2372,0,0,673,1699,0,2372,33
2068,168452,66,pair_011_n3_011_conflict,conflict,1,0,0,12.600000000000001,0.04999999999999999,1100000,9680928,76388,950,4271749,0,0,0,0.0,2373,2373,0,0,673,1700,0,2373,33
2069,168528,76,pair_013_n3_013_control,control,1,0,0,12.500000000000002,0.04999999999999999,1100000,9685792,76425,950,4273826,0,0,0,0.0,2374,2374,0,0,674,1700,0,2374,33
2070,168600,72,pair_005_n3_005_control,control,1,0,0,12.540000000000001,0.04999999999999999,1100000,9690400,76452,951,4275800,0,0,0,0.0,2375,2375,0,0,674,1701,0,2375,33
2071,168671,71,pair_008_n3_008_conflict,conflict,1,0,0,12.55,0.04999999999999999,1100000,9694944,76467,952,4277744,0,0,0,0.0,2377,2377,0,0,674,1703,0,2377,33
2072,168742,71,pair_016_n5_016_control,control,1,0,0,12.55,0.04999999999999999,1100000,9699488,76501,953,4279726,0,0,0,0.0,2378,2378,0,0,675,1703,0,2378,33
2073,168824,82,pair_008_n3_008_control,control,1,0,0,12.440000000000001,0.04999999999999999,1100000,9704736,76521,954,4281983,0,0,0,0.0,2380,2380,0,0,675,1705,0,2380,33
2074,168896,72,pair_009_n5_009_conflict,conflict,1,0,0,12.540000000000003,0.04999999999999999,1100000,9709344,76552,955,4283977,0,0,0,0.0,2383,2383,0,0,677,1706,0,2383,33
2075,168967,71,pair_004_n5_004_conflict,conflict,1,0,0,12.55,0.04999999999999999,1100000,9713888,76574,955,4285875,0,0,0,0.0,2383,2383,0,0,677,1706,0,2383,33
2076,169038,71,pair_012_n5_012_conflict,conflict,1,0,0,12.55,0.04999999999999999,1100000,9718432,76620,955,4287819,0,0,0,0.0,2384,2384,0,0,678,1706,0,2384,33
2077,169104,66,pair_007_n3_007_control,control,1,0,0,12.600000000000001,0.04999999999999999,1100000,9722656,76644,955,4289608,0,0,0,0.0,2385,2385,0,0,679,1706,0,2385,33
2078,169172,68,pair_014_n3_014_conflict,conflict,1,0,0,12.580000000000002,0.04999999999999999,1100000,9727008,76672,955,4291469,0,0,0,0.0,2386,2386,0,0,680,1706,0,2386,33
2079,169252,80,pair_015_n3_015_conflict,conflict,1,0,0,12.460000000000004,0.04999999999999999,1100000,9732128,76707,955,4293633,0,0,0,0.0,2387,2387,0,0,681,1706,0,2387,33
2080,169318,66,pair_000_n3_000_control,control,1,0,0,12.600000000000001,0.04999999999999999,1100000,9736352,76733,955,4295423,0,0,0,0.0,2388,2388,0,0,681,1707,0,2388,33
2081,169386,68,pair_011_n5_011_conflict,conflict,1,0,0,12.580000000000002,0.04999999999999999,1100000,9740704,76772,955,4297321,0,0,0,0.0,2389,2389,0,0,682,1707,0,2389,33
2082,169453,67,pair_013_n3_013_conflict,conflict,1,0,0,12.590000000000002,0.04999999999999999,1100000,9744992,76808,955,4299118,0,0,0,0.0,2390,2390,0,0,683,1707,0,2390,33
2083,169524,71,pair_010_n5_010_conflict,conflict,1,0,0,12.55,0.04999999999999999,1100000,9749536,76829,956,4301040,0,0,0,0.0,2391,2391,0,0,683,1708,0,2391,33
2084,169593,69,pair_017_n3_017_control,control,1,0,0,12.570000000000002,0.04999999999999999,1100000,9753952,76862,956,4302863,0,0,0,0.0,2392,2392,0,0,684,1708,0,2392,33
2085,169668,75,pair_013_n5_013_conflict,conflict,1,0,0,12.510000000000002,0.04999999999999999,1100000,9758752,76899,956,4304890,0,0,0,0.0,2393,2393,0,0,685,1708,0,2393,33
2086,169735,67,pair_004_n3_004_control,control,1,0,0,12.590000000000002,0.04999999999999999,1100000,9763040,76923,956,4306730,0,0,0,0.0,2393,2393,0,0,685,1708,0,2393,33
2087,169805,70,pair_009_n5_009_control,control,1,0,0,12.560000000000002,0.04999999999999999,1100000,9767520,76955,957,4308582,0,0,0,0.0,2395,2395,0,0,686,1709,0,2395,33
2088,169876,71,pair_014_n5_014_control,control,1,0,0,12.55,0.04999999999999999,1100000,9772064,76997,957,4310472,0,0,0,0.0,2397,2397,0,0,688,1709,0,2397,33
2089,169945,69,pair_003_n5_003_conflict,conflict,1,0,0,12.570000000000002,0.04999999999999999,1100000,9776480,77022,958,4312338,0,0,0,0.0,2398,2398,0,0,689,1709,0,2398,33
2090,170015,70,pair_003_n5_003_control,control,1,0,0,12.560000000000002,0.04999999999999999,1100000,9780960,77042,959,4314231,0,0,0,0.0,2399,2399,0,0,690,1709,0,2399,33
2091,170082,67,pair_015_n3_015_control,control,1,0,0,12.590000000000002,0.04999999999999999,1100000,9785248,77077,959,4315996,0,0,0,0.0,2400,2400,0,0,691,1709,0,2400,33
2092,170154,72,pair_006_n5_006_conflict,conflict,1,0,0,12.540000000000001,0.04999999999999999,1100000,9789856,77106,960,4317973,0,0,0,0.0,2402,2402,0,0,693,1709,0,2402,33
2093,170220,66,pair_001_n3_001_control,control,1,0,0,12.600000000000001,0.04999999999999999,1100000,9794080,77117,960,4319763,0,0,0,0.0,2402,2402,0,0,693,1709,0,2402,33
2094,170292,72,pair_000_n3_000_conflict,conflict,1,0,0,12.540000000000003,0.04999999999999999,1100000,9798688,77150,961,4321698,0,0,0,0.0,2404,2404,0,0,695,1709,0,2404,33
2095,170362,70,pair_010_n3_010_control,control,1,0,0,12.560000000000002,0.04999999999999999,1100000,9803168,77164,962,4323523,0,0,0,0.0,2406,2406,0,0,696,1710,0,2406,33
2096,170434,72,pair_002_n3_002_control,control,1,0,0,12.540000000000003,0.04999999999999999,1100000,9807776,77197,963,4325462,0,0,0,0.0,2409,2409,0,0,697,1712,0,2409,33
2097,170504,70,pair_011_n3_011_conflict,conflict,1,0,0,12.560000000000002,0.04999999999999999,1100000,9812256,77213,963,4327299,0,0,0,0.0,2410,2410,0,0,698,1712,0,2410,33
2098,170577,73,pair_005_n3_005_conflict,conflict,1,0,0,12.530000000000001,0.04999999999999999,1100000,9816928,77249,963,4329227,0,0,0,0.0,2410,2410,0,0,698,1712,0,2410,33
2099,170647,70,pair_011_n3_011_control,control,1,0,0,12.560000000000002,0.04999999999999999,1100000,9821408,77268,963,4331087,0,0,0,0.0,2410,2410,0,0,698,1712,0,2410,33
2100,170724,77,pair_003_n3_003_control,control,1,0,0,12.490000000000002,0.04999999999999999,1100000,9826336,77290,963,4333194,0,0,0,0.0,2411,2411,0,0,698,1713,0,2411,33
2101,170791,67,pair_015_n5_015_control,control,1,0,0,12.590000000000002,0.04999999999999999,1100000,9830624,77339,963,4335001,0,0,0,0.0,2413,2413,0,0,699,1714,0,2413,33
2102,170862,71,pair_009_n5_009_control,control,1,0,0,12.55,0.04999999999999999,1100000,9835168,77397,963,4336834,0,0,0,0.0,2414,2414,0,0,700,1714,0,2414,33
2103,170932,70,pair_014_n3_014_conflict,conflict,1,0,0,12.560000000000002,0.04999999999999999,1100000,9839648,77424,963,4338748,0,0,0,0.0,2414,2414,0,0,700,1714,0,2414,33
2104,171003,71,pair_005_n3_005_control,control,1,0,0,12.55,0.04999999999999999,1100000,9844192,77463,963,4340633,0,0,0,0.0,2414,2414,0,0,700,1714,0,2414,33
2105,171076,73,pair_013_n3_013_conflict,conflict,1,0,0,12.530000000000001,0.04999999999999999,1100000,9848864,77479,963,4342648,0,0,0,0.0,2414,2414,0,0,700,1714,0,2414,33
2106,171147,71,pair_010_n3_010_conflict,conflict,1,0,0,12.55,0.04999999999999999,1100000,9853408,77494,963,4344526,0,0,0,0.0,2415,2415,0,0,700,1715,0,2415,33
2107,171224,77,pair_016_n3_016_control,control,1,0,0,12.490000000000002,0.04999999999999999,1100000,9858336,77521,963,4346591,0,0,0,0.0,2416,2416,0,0,700,1716,0,2416,33
2108,171298,74,pair_013_n5_013_conflict,conflict,1,0,0,12.520000000000001,0.04999999999999999,1100000,9863072,77555,966,4348606,0,0,0,0.0,2420,2420,0,0,703,1717,0,2420,33
2109,171372,74,pair_008_n5_008_conflict,conflict,1,0,0,12.520000000000001,0.04999999999999999,1100000,9867808,77608,967,4350648,0,0,0,0.0,2423,2423,0,0,704,1719,0,2423,33
2110,171444,72,pair_008_n5_008_control,control,1,0,0,12.540000000000003,0.04999999999999999,1100000,9872416,77658,968,4352623,0,0,0,0.0,2425,2425,0,0,705,1720,0,2425,33
2111,171514,70,pair_000_n5_000_conflict,conflict,1,0,0,12.560000000000002,0.04999999999999999,1100000,9876896,77697,969,4354573,0,0,0,0.0,2426,2426,0,0,705,1721,0,2426,33
2112,171585,71,pair_004_n3_004_conflict,conflict,1,0,0,12.55,0.04999999999999999,1100000,9881440,77719,970,4356479,0,0,0,0.0,2427,2427,0,0,705,1722,0,2427,33
2113,171655,70,pair_016_n5_016_control,control,1,0,0,12.560000000000002,0.04999999999999999,1100000,9885920,77747,970,4358411,0,0,0,0.0,2427,2427,0,0,705,1722,0,2427,33
2114,171724,69,pair_004_n5_004_conflict,conflict,1,0,0,12.570000000000002,0.04999999999999999,1100000,9890336,77772,970,4360387,0,0,0,0.0,2427,2427,0,0,705,1722,0,2427,33
2115,171794,70,pair_017_n5_017_conflict,conflict,1,0,0,12.560000000000002,0.04999999999999999,1100000,9894816,77821,970,4362267,0,0,0,0.0,2428,2428,0,0,706,1722,0,2428,33
2116,171866,72,pair_007_n5_007_control,control,1,0,0,12.540000000000003,0.04999999999999999,1100000,9899424,77882,970,4364255,0,0,0,0.0,2429,2429,0,0,706,1723,0,2429,33
2117,171938,72,pair_002_n5_002_control,control,1,0,0,12.540000000000001,0.04999999999999999,1100000,9904032,77910,971,4366269,0,0,0,0.0,2431,2431,0,0,707,1724,0,2431,33
2118,172005,67,pair_010_n5_010_control,control,1,0,0,12.590000000000002,0.04999999999999999,1100000,9908320,77924,971,4368083,0,0,0,0.0,2431,2431,0,0,707,1724,0,2431,33
2119,172077,72,pair_000_n5_000_control,control,1,0,0,12.540000000000001,0.04999999999999999,1100000,9912928,77968,972,4370029,0,0,0,0.0,2432,2432,0,0,707,1725,0,2432,33
2120,172146,69,pair_017_n5_017_control,control,1,0,0,12.570000000000002,0.04999999999999999,1100000,9917344,78016,973,4371895,0,0,0,0.0,2433,2433,0,0,708,1725,0,2433,33
2121,172219,73,pair_004_n3_004_control,control,1,0,0,12.530000000000001,0.04999999999999999,1100000,9922016,78053,975,4373899,0,0,0,0.0,2435,2435,0,0,708,1727,0,2435,33
2122,172286,67,pair_007_n3_007_conflict,conflict,1,0,0,12.590000000000002,0.04999999999999999,1100000,9926304,78091,975,4375718,0,0,0,0.0,2435,2435,0,0,708,1727,0,2435,33
2123,172354,68,pair_017_n3_017_conflict,conflict,1,0,0,12.580000000000002,0.04999999999999999,1100000,9930656,78130,975,4377659,0,0,0,0.0,2435,2435,0,0,708,1727,0,2435,33
2124,172425,71,pair_013_n5_013_control,control,1,0,0,12.55,0.04999999999999999,1100000,9935200,78182,977,4379621,0,0,0,0.0,2436,2436,0,0,708,1728,0,2436,33
2125,172495,70,pair_009_n5_009_conflict,conflict,1,0,0,12.560000000000002,0.04999999999999999,1100000,9939680,78222,977,4381617,0,0,0,0.0,2437,2437,0,0,708,1729,0,2437,33
2126,172573,78,pair_001_n3_001_conflict,conflict,1,0,0,12.480000000000002,0.04999999999999999,1100000,9944672,78234,978,4383821,0,0,0,0.0,2438,2438,0,0,708,1730,0,2438,33
2127,172648,75,pair_002_n5_002_conflict,conflict,1,0,0,12.510000000000002,0.04999999999999999,1100000,9949472,78275,980,4385866,0,0,0,0.0,2441,2441,0,0,711,1730,0,2441,33
2128,172720,72,pair_006_n5_006_control,control,1,0,0,12.540000000000001,0.04999999999999999,1100000,9954080,78317,982,4387915,0,0,0,0.0,2443,2443,0,0,711,1732,0,2443,33
2129,172795,75,pair_017_n3_017_control,control,1,0,0,12.510000000000002,0.04999999999999999,1100000,9958880,78354,982,4389985,0,0,0,0.0,2443,2443,0,0,711,1732,0,2443,33
2130,172868,73,pair_012_n3_012_conflict,conflict,1,0,0,12.530000000000001,0.04999999999999999,1100000,9963552,78385,983,4391975,0,0,0,0.0,2444,2444,0,0,712,1732,0,2444,33
2131,172937,69,pair_007_n5_007_conflict,conflict,1,0,0,12.570000000000002,0.04999999999999999,1100000,9967968,78424,984,4393827,0,0,0,0.0,2445,2445,0,0,712,1733,0,2445,33
2132,173004,67,pair_006_n3_006_conflict,conflict,1,0,0,12.590000000000002,0.04999999999999999,1100000,9972256,78452,984,4395617,0,0,0,0.0,2445,2445,0,0,712,1733,0,2445,33
2133,173071,67,pair_003_n3_003_conflict,conflict,1,0,0,12.590000000000002,0.04999999999999999,1100000,9976544,78470,984,4397412,0,0,0,0.0,2445,2445,0,0,712,1733,0,2445,33
2134,173142,71,pair_001_n5_001_conflict,conflict,1,0,0,12.55,0.04999999999999999,1100000,9981088,78484,984,4399365,0,0,0,0.0,2447,2447,0,0,714,1733,0,2447,33
2135,173215,73,pair_015_n5_015_conflict,conflict,1,0,0,12.530000000000001,0.04999999999999999,1100000,9985760,78510,984,4401303,0,0,0,0.0,2447,2447,0,0,714,1733,0,2447,33
2136,173286,71,pair_004_n5_004_control,control,1,0,0,12.55,0.04999999999999999,1100000,9990304,78538,985,4403263,0,0,0,0.0,2448,2448,0,0,714,1734,0,2448,33
2137,173357,71,pair_005_n5_005_conflict,conflict,1,0,0,12.55,0.04999999999999999,1100000,9994848,78567,985,4405165,0,0,0,0.0,2450,2450,0,0,716,1734,0,2450,33
2138,173429,72,pair_010_n5_010_conflict,conflict,1,0,0,12.540000000000001,0.04999999999999999,1100000,9999456,78579,985,4407153,0,0,0,0.0,2452,2452,0,0,716,1736,0,2452,33
2139,173505,76,pair_011_n5_011_control,control,1,0,0,12.500000000000002,0.04999999999999999,1100000,10004320,78603,985,4409230,0,0,0,0.0,2452,2452,0,0,716,1736,0,2452,33
2140,173577,72,pair_008_n3_008_control,control,1,0,0,12.540000000000003,0.04999999999999999,1100000,10008928,78616,987,4411169,0,0,0,0.0,2454,2454,0,0,716,1738,0,2454,33
2141,173645,68,pair_006_n3_006_control,control,1,0,0,12.580000000000002,0.04999999999999999,1100000,10013280,78638,987,4413028,0,0,0,0.0,2454,2454,0,0,716,1738,0,2454,33
2142,173717,72,pair_005_n5_005_control,control,1,0,0,12.540000000000001,0.04999999999999999,1100000,10017888,78681,989,4415002,0,0,0,0.0,2457,2457,0,0,719,1738,0,2457,33
2143,173784,67,pair_013_n3_013_control,control,1,0,0,12.590000000000002,0.04999999999999999,1100000,10022176,78710,990,4416841,0,0,0,0.0,2458,2458,0,0,719,1739,0,2458,33
2144,173861,77,pair_008_n3_008_conflict,conflict,1,0,0,12.490000000000002,0.04999999999999999,1100000,10027104,78719,990,4418911,0,0,0,0.0,2459,2459,0,0,719,1740,0,2459,33
2145,173935,74,pair_016_n5_016_conflict,conflict,1,0,0,12.520000000000001,0.04999999999999999,1100000,10031840,78751,990,4420923,0,0,0,0.0,2459,2459,0,0,719,1740,0,2459,33
2146,174004,69,pair_014_n5_014_conflict,conflict,1,0,0,12.570000000000002,0.04999999999999999,1100000,10036256,78789,990,4422782,0,0,0,0.0,2460,2460,0,0,719,1741,0,2460,33
2147,174074,70,pair_002_n3_002_conflict,conflict,1,0,0,12.560000000000002,0.04999999999999999,1100000,10040736,78818,991,4424697,0,0,0,0.0,2461,2461,0,0,719,1742,0,2461,33
2148,174148,74,pair_012_n5_012_control,control,1,0,0,12.520000000000001,0.04999999999999999,1100000,10045472,78841,991,4426851,0,0,0,0.0,2462,2462,0,0,719,1743,0,2462,33
2149,174226,78,pair_009_n3_009_conflict,conflict,1,0,0,12.48,0.04999999999999999,1100000,10050464,78861,991,4429014,0,0,0,0.0,2462,2462,0,0,719,1743,0,2462,33
2150,174294,68,pair_015_n3_015_conflict,conflict,1,0,0,12.580000000000002,0.04999999999999999,1100000,10054816,78889,991,4430834,0,0,0,0.0,2462,2462,0,0,719,1743,0,2462,33
2151,174366,72,pair_009_n3_009_control,control,1,0,0,12.540000000000001,0.04999999999999999,1100000,10059424,78925,991,4432781,0,0,0,0.0,2462,2462,0,0,719,1743,0,2462,33
2152,174435,69,pair_011_n5_011_conflict,conflict,1,0,0,12.570000000000002,0.04999999999999999,1100000,10063840,78950,991,4434700,0,0,0,0.0,2462,2462,0,0,719,1743,0,2462,33
2153,174506,71,pair_001_n5_001_control,control,1,0,0,12.55,0.04999999999999999,1100000,10068384,78967,992,4436656,0,0,0,0.0,2463,2463,0,0,719,1744,0,2463,33
2154,174574,68,pair_014_n3_014_control,control,1,0,0,12.580000000000002,0.04999999999999999,1100000,10072736,78994,992,4438506,0,0,0,0.0,2463,2463,0,0,719,1744,0,2463,33
2155,174642,68,pair_016_n3_016_conflict,conflict,1,0,0,12.580000000000002,0.04999999999999999,1100000,10077088,79020,992,4440315,0,0,0,0.0,2463,2463,0,0,719,1744,0,2463,33
2156,174712,70,pair_012_n3_012_control,control,1,0,0,12.560000000000002,0.04999999999999999,1100000,10081568,79048,993,4442204,0,0,0,0.0,2464,2464,0,0,719,1745,0,2464,33
2157,174782,70,pair_007_n3_007_control,control,1,0,0,12.560000000000002,0.04999999999999999,1100000,10086048,79094,994,4444091,0,0,0,0.0,2465,2465,0,0,720,1745,0,2465,33
2158,174851,69,pair_012_n5_012_conflict,conflict,1,0,0,12.570000000000002,0.04999999999999999,1100000,10090464,79120,994,4445928,0,0,0,0.0,2465,2465,0,0,720,1745,0,2465,33
2159,174917,66,pair_000_n3_000_control,control,1,0,0,12.600000000000001,0.04999999999999999,1100000,10094688,79146,994,4447736,0,0,0,0.0,2465,2465,0,0,720,1745,0,2465,33
2160,174989,72,pair_011_n3_011_conflict,conflict,1,0,0,12.540000000000001,0.04999999999999999,1100000,10099296,79163,996,4449627,0,0,0,0.0,2467,2467,0,0,721,1746,0,2467,33
2161,175059,70,pair_014_n3_014_control,control,1,0,0,12.560000000000002,0.04999999999999999,1100000,10103776,79191,996,4451511,0,0,0,0.0,2467,2467,0,0,721,1746,0,2467,33
2162,175131,72,pair_016_n3_016_control,control,1,0,0,12.540000000000001,0.04999999999999999,1100000,10108384,79234,996,4453488,0,0,0,0.0,2467,2467,0,0,721,1746,0,2467,33
2163,175202,71,pair_010_n5_010_control,control,1,0,0,12.55,0.04999999999999999,1100000,10112928,79257,997,4455342,0,0,0,0.0,2468,2468,0,0,721,1747,0,2468,33
2164,175272,70,pair_015_n3_015_conflict,conflict,1,0,0,12.560000000000002,0.04999999999999999,1100000,10117408,79284,997,4457268,0,0,0,0.0,2468,2468,0,0,721,1747,0,2468,33
2165,175344,72,pair_009_n5_009_conflict,conflict,1,0,0,12.540000000000001,0.04999999999999999,1100000,10122016,79318,997,4459208,0,0,0,0.0,2469,2469,0,0,722,1747,0,2469,33
2166,175416,72,pair_011_n3_011_control,control,1,0,0,12.540000000000003,0.04999999999999999,1100000,10126624,79333,998,4461221,0,0,0,0.0,2471,2471,0,0,722,1749,0,2471,33
2167,175487,71,pair_013_n3_013_control,control,1,0,0,12.55,0.04999999999999999,1100000,10131168,79371,998,4463151,0,0,0,0.0,2472,2472,0,0,723,1749,0,2472,33
2168,175561,74,pair_017_n5_017_conflict,conflict,1,0,0,12.520000000000001,0.04999999999999999,1100000,10135904,79408,998,4465143,0,0,0,0.0,2473,2473,0,0,724,1749,0,2473,33
2169,175631,70,pair_016_n3_016_conflict,conflict,1,0,0,12.560000000000002,0.04999999999999999,1100000,10140384,79439,998,4467007,0,0,0,0.0,2473,2473,0,0,724,1749,0,2473,33
2170,175709,78,pair_005_n3_005_control,control,1,0,0,12.48,0.04999999999999999,1100000,10145376,79471,1000,4469131,0,0,0,0.0,2477,2477,0,0,727,1750,0,2477,33
2171,175787,78,pair_008_n5_008_control,control,1,0,0,12.48,0.04999999999999999,1100000,10150368,79512,1002,4471267,0,0,0,0.0,2479,2479,0,0,729,1750,0,2479,33
2172,175863,76,pair_002_n3_002_control,control,1,0,0,12.500000000000002,0.04999999999999999,1100000,10155232,79547,1004,4473318,0,0,0,0.0,2483,2483,0,0,733,1750,0,2483,33
2173,175935,72,pair_002_n3_002_conflict,conflict,1,0,0,12.540000000000001,0.04999999999999999,1100000,10159840,79569,1004,4475270,0,0,0,0.0,2485,2485,0,0,733,1752,0,2485,33
2174,176007,72,pair_017_n3_017_control,control,1,0,0,12.540000000000001,0.04999999999999999,1100000,10164448,79600,1004,4477285,0,0,0,0.0,2485,2485,0,0,733,1752,0,2485,33
2175,176079,72,pair_010_n5_010_conflict,conflict,1,0,0,12.540000000000001,0.04999999999999999,1100000,10169056,79613,1004,4479242,0,0,0,0.0,2486,2486,0,0,734,1752,0,2486,33
2176,176152,73,pair_010_n3_010_conflict,conflict,1,0,0,12.530000000000001,0.04999999999999999,1100000,10173728,79623,1004,4481227,0,0,0,0.0,2486,2486,0,0,734,1752,0,2486,33
2177,176218,66,pair_004_n3_004_conflict,conflict,1,0,0,12.600000000000001,0.04999999999999999,1100000,10177952,79643,1004,4482957,0,0,0,0.0,2486,2486,0,0,734,1752,0,2486,33
2178,176286,68,pair_008_n5_008_conflict,conflict,1,0,0,12.580000000000002,0.04999999999999999,1100000,10182304,79666,1005,4484794,0,0,0,0.0,2487,2487,0,0,734,1753,0,2487,33
2179,176359,73,pair_006_n5_006_conflict,conflict,1,0,0,12.530000000000001,0.04999999999999999,1100000,10186976,79706,1006,4486744,0,0,0,0.0,2488,2488,0,0,734,1754,0,2488,33
2180,176436,77,pair_009_n5_009_control,control,1,0,0,12.490000000000002,0.04999999999999999,1100000,10191904,79752,1008,4488809,0,0,0,0.0,2489,2489,0,0,735,1754,0,2489,33
2181,176506,70,pair_000_n3_000_conflict,conflict,1,0,0,12.560000000000002,0.04999999999999999,1100000,10196384,79780,1009,4490691,0,0,0,0.0,2490,2490,0,0,736,1754,0,2490,33
2182,176577,71,pair_002_n5_002_control,control,1,0,0,12.55,0.04999999999999999,1100000,10200928,79806,1010,4492570,0,0,0,0.0,2491,2491,0,0,737,1754,0,2491,33
2183,176650,73,pair_000_n5_000_control,control,1,0,0,12.530000000000001,0.04999999999999999,1100000,10205600,79840,1010,4494575,0,0,0,0.0,2491,2491,0,0,737,1754,0,2491,33
2184,176725,75,pair_003_n5_003_conflict,conflict,1,0,0,12.510000000000002,0.04999999999999999,1100000,10210400,79862,1010,4496557,0,0,0,0.0,2491,2491,0,0,737,1754,0,2491,33
2185,176795,70,pair_013_n3_013_conflict,conflict,1,0,0,12.560000000000002,0.04999999999999999,1100000,10214880,79888,1010,4498432,0,0,0,0.0,2491,2491,0,0,737,1754,0,2491,33
2186,176869,74,pair_014_n5_014_conflict,conflict,1,0,0,12.520000000000001,0.04999999999999999,1100000,10219616,79947,1011,4500416,0,0,0,0.0,2492,2492,0,0,738,1754,0,2492,33
2187,176941,72,pair_012_n5_012_control,control,1,0,0,12.540000000000001,0.04999999999999999,1100000,10224224,79992,1011,4502389,0,0,0,0.0,2493,2493,0,0,738,1755,0,2493,33
2188,177011,70,pair_009_n3_009_control,control,1,0,0,12.560000000000002,0.04999999999999999,1100000,10228704,80033,1012,4504294,0,0,0,0.0,2494,2494,0,0,738,1756,0,2494,33
2189,177087,76,pair_007_n3_007_control,control,1,0,0,12.500000000000002,0.04999999999999999,1100000,10233568,80077,1013,4506380,0,0,0,0.0,2495,2495,0,0,738,1757,0,2495,33
2190,177157,70,pair_004_n5_004_control,control,1,0,0,12.560000000000002,0.04999999999999999,1100000,10238048,80118,1014,4508233,0,0,0,0.0,2496,2496,0,0,739,1757,0,2496,33
2191,177227,70,pair_005_n5_005_conflict,conflict,1,0,0,12.560000000000002,0.04999999999999999,1100000,10242528,80153,1014,4510167,0,0,0,0.0,2496,2496,0,0,739,1757,0,2496,33
2192,177301,74,pair_011_n5_011_conflict,conflict,1,0,0,12.520000000000001,0.04999999999999999,1100000,10247264,80201,1015,4512236,0,0,0,0.0,2497,2497,0,0,740,1757,0,2497,33
2193,177373,72,pair_005_n5_005_control,control,1,0,0,12.540000000000003,0.04999999999999999,1100000,10251872,80240,1017,4514244,0,0,0,0.0,2499,2499,0,0,741,1758,0,2499,33
2194,177440,67,pair_001_n3_001_conflict,conflict,1,0,0,12.590000000000002,0.04999999999999999,1100000,10256160,80263,1017,4516084,0,0,0,0.0,2499,2499,0,0,741,1758,0,2499,33
2195,177509,69,pair_014_n3_014_conflict,conflict,1,0,0,12.570000000000002,0.04999999999999999,1100000,10260576,80301,1017,4517983,0,0,0,0.0,2500,2500,0,0,742,1758,0,2500,33
2196,177579,70,pair_007_n5_007_control,control,1,0,0,12.560000000000002,0.04999999999999999,1100000,10265056,80354,1018,4519916,0,0,0,0.0,2501,2501,0,0,743,1758,0,2501,33
2197,177650,71,pair_010_n3_010_control,control,1,0,0,12.55,0.04999999999999999,1100000,10269600,80364,1018,4521921,0,0,0,0.0,2503,2503,0,0,745,1758,0,2503,33
2198,177722,72,pair_006_n5_006_control,control,1,0,0,12.540000000000001,0.04999999999999999,1100000,10274208,80405,1018,4523936,0,0,0,0.0,2504,2504,0,0,745,1759,0,2504,33
2199,177798,76,pair_006_n3_006_conflict,conflict,1,0,0,12.500000000000002,0.04999999999999999,1100000,10279072,80428,1019,4526019,0,0,0,0.0,2505,2505,0,0,745,1760,0,2505,33
2200,177870,72,pair_001_n3_001_control,control,1,0,0,12.540000000000001,0.04999999999999999,1100000,10283680,80463,1019,4528013,0,0,0,0.0,2506,2506,0,0,746,1760,0,2506,33
2201,177943,73,pair_004_n5_004_conflict,conflict,1,0,0,12.530000000000001,0.04999999999999999,1100000,10288352,80502,1020,4530031,0,0,0,0.0,2507,2507,0,0,747,1760,0,2507,33
2202,178013,70,pair_013_n5_013_conflict,conflict,1,0,0,12.560000000000002,0.04999999999999999,1100000,10292832,80548,1020,4532002,0,0,0,0.0,2508,2508,0,0,748,1760,0,2508,33
2203,178083,70,pair_012_n5_012_conflict,conflict,1,0,0,12.560000000000002,0.04999999999999999,1100000,10297312,80590,1021,4533979,0,0,0,0.0,2509,2509,0,0,748,1761,0,2509,33
2204,178154,71,pair_000_n3_000_control,control,1,0,0,12.55,0.04999999999999999,1100000,10301856,80624,1021,4535970,0,0,0,0.0,2510,2510,0,0,749,1761,0,2510,33
2205,178223,69,pair_007_n5_007_conflict,conflict,1,0,0,12.570000000000002,0.04999999999999999,1100000,10306272,80667,1022,4537968,0,0,0,0.0,2511,2511,0,0,750,1761,0,2511,33
2206,178304,81,pair_012_n3_012_conflict,conflict,1,0,0,12.450000000000001,0.04999999999999999,1100000,10311456,80694,1023,4540171,0,0,0,0.0,2512,2512,0,0,751,1761,0,2512,33
2207,178370,66,pair_017_n5_017_control,control,1,0,0,12.600000000000001,0.04999999999999999,1100000,10315680,80735,1023,4541980,0,0,0,0.0,2513,2513,0,0,752,1761,0,2513,33
2208,178440,70,pair_015_n5_015_conflict,conflict,1,0,0,12.560000000000002,0.04999999999999999,1100000,10320160,80784,1025,4543931,0,0,0,0.0,2517,2517,0,0,752,1765,0,2517,33
2209,178507,67,pair_012_n3_012_control,control,1,0,0,12.590000000000002,0.04999999999999999,1100000,10324448,80810,1025,4545810,0,0,0,0.0,2517,2517,0,0,752,1765,0,2517,33
2210,178577,70,pair_008_n3_008_control,control,1,0,0,12.560000000000002,0.04999999999999999,1100000,10328928,80825,1026,4547760,0,0,0,0.0,2518,2518,0,0,753,1765,0,2518,33
2211,178647,70,pair_015_n3_015_control,control,1,0,0,12.560000000000002,0.04999999999999999,1100000,10333408,80874,1026,4549791,0,0,0,0.0,2518,2518,0,0,753,1765,0,2518,33
2212,178722,75,pair_001_n5_001_conflict,conflict,1,0,0,12.510000000000002,0.04999999999999999,1100000,10338208,80908,1028,4551916,0,0,0,0.0,2520,2520,0,0,755,1765,0,2520,33
2213,178798,76,pair_009_n3_009_conflict,conflict,1,0,0,12.500000000000002,0.04999999999999999,1100000,10343072,80937,1029,4554102,0,0,0,0.0,2523,2523,0,0,755,1768,0,2523,33
2214,178873,75,pair_002_n5_002_conflict,conflict,1,0,0,12.510000000000002,0.04999999999999999,1100000,10347872,80979,1031,4556281,0,0,0,0.0,2526,2526,0,0,756,1770,0,2526,33
2215,178944,71,pair_001_n5_001_control,control,1,0,0,12.55,0.04999999999999999,1100000,10352416,81018,1032,4558313,0,0,0,0.0,2527,2527,0,0,757,1770,0,2527,33
2216,179011,67,pair_008_n3_008_conflict,conflict,1,0,0,12.590000000000002,0.04999999999999999,1100000,10356704,81058,1033,4560204,0,0,0,0.0,2527,2527,0,0,757,1770,0,2527,33
2217,179081,70,pair_013_n5_013_control,control,1,0,0,12.560000000000002,0.04999999999999999,1100000,10361184,81101,1033,4562190,0,0,0,0.0,2527,2527,0,0,757,1770,0,2527,33
2218,179153,72,pair_003_n3_003_control,control,1,0,0,12.540000000000001,0.04999999999999999,1100000,10365792,81120,1033,4564313,0,0,0,0.0,2527,2527,0,0,757,1770,0,2527,33
2219,179219,66,pair_017_n3_017_conflict,conflict,1,0,0,12.600000000000001,0.04999999999999999,1100000,10370016,81153,1033,4566225,0,0,0,0.0,2527,2527,0,0,757,1770,0,2527,33
2220,179285,66,pair_005_n3_005_conflict,conflict,1,0,0,12.600000000000001,0.04999999999999999,1100000,10374240,81185,1033,4568127,0,0,0,0.0,2527,2527,0,0,757,1770,0,2527,33
2221,179361,76,pair_011_n5_011_control,control,1,0,0,12.500000000000002,0.04999999999999999,1100000,10379104,81220,1034,4570310,0,0,0,0.0,2528,2528,0,0,757,1771,0,2528,33
2222,179434,73,pair_000_n5_000_conflict,conflict,1,0,0,12.530000000000001,0.04999999999999999,1100000,10383776,81259,1035,4572427,0,0,0,0.0,2529,2529,0,0,757,1772,0,2529,33
2223,179504,70,pair_003_n5_003_control,control,1,0,0,12.560000000000002,0.04999999999999999,1100000,10388256,81302,1036,4574467,0,0,0,0.0,2531,2531,0,0,758,1773,0,2531,33
2224,179574,70,pair_004_n3_004_control,control,1,0,0,12.560000000000002,0.04999999999999999,1100000,10392736,81335,1036,4576550,0,0,0,0.0,2534,2534,0,0,759,1775,0,2534,33
2225,179642,68,pair_006_n3_006_control,control,1,0,0,12.580000000000002,0.04999999999999999,1100000,10397088,81357,1036,4578529,0,0,0,0.0,2534,2534,0,0,759,1775,0,2534,33
2226,179712,70,pair_015_n5_015_control,control,1,0,0,12.560000000000002,0.04999999999999999,1100000,10401568,81394,1036,4580565,0,0,0,0.0,2535,2535,0,0,760,1775,0,2535,33
2227,179780,68,pair_016_n5_016_control,control,1,0,0,12.580000000000002,0.04999999999999999,1100000,10405920,81432,1036,4582546,0,0,0,0.0,2535,2535,0,0,760,1775,0,2535,33
2228,179852,72,pair_007_n3_007_conflict,conflict,1,0,0,12.540000000000001,0.04999999999999999,1100000,10410528,81464,1036,4584639,0,0,0,0.0,2535,2535,0,0,760,1775,0,2535,33
2229,179922,70,pair_016_n5_016_conflict,conflict,1,0,0,12.560000000000002,0.04999999999999999,1100000,10415008,81513,1038,4586679,0,0,0,0.0,2536,2536,0,0,760,1776,0,2536,33
2230,179994,72,pair_003_n3_003_conflict,conflict,1,0,0,12.540000000000001,0.04999999999999999,1100000,10419616,81558,1038,4588820,0,0,0,0.0,2537,2537,0,0,760,1777,0,2537,33
2231,180065,71,pair_014_n5_014_control,control,1,0,0,12.55,0.04999999999999999,1100000,10424160,81610,1039,4590891,0,0,0,0.0,2539,2539,0,0,762,1777,0,2539,33
2232,180137,72,pair_015_n5_015_control,control,1,0,0,12.540000000000001,0.04999999999999999,1100000,10428768,81654,1042,4593023,0,0,0,0.0,2539,2539,0,0,762,1777,0,2539,33
2233,180211,74,pair_002_n5_002_conflict,conflict,1,0,0,12.520000000000001,0.04999999999999999,1100000,10433504,81702,1044,4595196,0,0,0,0.0,2542,2542,0,0,765,1777,0,2542,33
2234,180286,75,pair_014_n5_014_conflict,conflict,1,0,0,12.510000000000002,0.04999999999999999,1100000,10438304,81758,1048,4597433,0,0,0,0.0,2546,2546,0,0,768,1778,0,2546,33
2235,180360,74,pair_008_n5_008_conflict,conflict,1,0,0,12.520000000000001,0.04999999999999999,1100000,10443040,81813,1049,4599632,0,0,0,0.0,2550,2550,0,0,770,1780,0,2550,33
2236,180438,78,pair_000_n5_000_control,control,1,0,0,12.48,0.04999999999999999,1100000,10448032,81858,1052,4601963,0,0,0,0.0,2553,2553,0,0,772,1781,0,2553,33
2237,180505,67,pair_003_n5_003_control,control,1,0,0,12.590000000000002,0.04999999999999999,1100000,10452320,81905,1052,4604021,0,0,0,0.0,2553,2553,0,0,772,1781,0,2553,33
2238,180578,73,pair_001_n5_001_control,control,1,0,0,12.530000000000001,0.04999999999999999,1100000,10456992,81955,1052,4606223,0,0,0,0.0,2554,2554,0,0,773,1781,0,2554,33
2239,180650,72,pair_002_n5_002_control,control,1,0,0,12.540000000000001,0.04999999999999999,1100000,10461600,81996,1052,4608410,0,0,0,0.0,2555,2555,0,0,774,1781,0,2555,33
2240,180718,68,pair_014_n5_014_control,control,1,0,0,12.580000000000002,0.04999999999999999,1100000,10465952,82044,1054,4610410,0,0,0,0.0,2556,2556,0,0,775,1781,0,2556,33
2241,180788,70,pair_013_n5_013_conflict,conflict,1,0,0,12.560000000000002,0.04999999999999999,1100000,10470432,82095,1058,4612543,0,0,0,0.0,2558,2558,0,0,775,1783,0,2558,33
2242,180858,70,pair_004_n3_004_conflict,conflict,1,0,0,12.560000000000002,0.04999999999999999,1100000,10474912,82131,1060,4614592,0,0,0,0.0,2560,2560,0,0,775,1785,0,2560,33
2243,180930,72,pair_005_n5_005_control,control,1,0,0,12.540000000000003,0.04999999999999999,1100000,10479520,82184,1061,4616814,0,0,0,0.0,2563,2563,0,0,777,1786,0,2563,33
2244,181004,74,pair_005_n5_005_conflict,conflict,1,0,0,12.520000000000001,0.04999999999999999,1100000,10484256,82236,1062,4619042,0,0,0,0.0,2565,2565,0,0,777,1788,0,2565,33
2245,181073,69,pair_017_n3_017_conflict,conflict,1,0,0,12.570000000000002,0.04999999999999999,1100000,10488672,82273,1062,4621116,0,0,0,0.0,2565,2565,0,0,777,1788,0,2565,33
2246,181140,67,pair_011_n3_011_control,control,1,0,0,12.590000000000002,0.04999999999999999,1100000,10492960,82303,1062,4623126,0,0,0,0.0,2566,2566,0,0,777,1789,0,2566,33
2247,181213,73,pair_010_n3_010_control,control,1,0,0,12.530000000000001,0.04999999999999999,1100000,10497632,82340,1062,4625278,0,0,0,0.0,2566,2566,0,0,777,1789,0,2566,33
2248,181282,69,pair_003_n5_003_conflict,conflict,1,0,0,12.570000000000002,0.04999999999999999,1100000,10502048,82386,1063,4627387,0,0,0,0.0,2567,2567,0,0,778,1789,0,2567,33
2249,181349,67,pair_008_n5_008_control,control,1,0,0,12.590000000000002,0.04999999999999999,1100000,10506336,82432,1063,4629470,0,0,0,0.0,2567,2567,0,0,778,1789,0,2567,33
2250,181421,72,pair_011_n3_011_conflict,conflict,1,0,0,12.540000000000003,0.04999999999999999,1100000,10510944,82460,1063,4631667,0,0,0,0.0,2567,2567,0,0,778,1789,0,2567,33
2251,181487,66,pair_007_n3_007_conflict,conflict,1,0,0,12.600000000000001,0.04999999999999999,1100000,10515168,82495,1063,4633729,0,0,0,0.0,2567,2567,0,0,778,1789,0,2567,33
2252,181555,68,pair_014_n3_014_control,control,1,0,0,12.580000000000002,0.04999999999999999,1100000,10519520,82531,1063,4635867,0,0,0,0.0,2567,2567,0,0,778,1789,0,2567,33
2253,181621,66,pair_007_n3_007_control,control,1,0,0,12.600000000000001,0.04999999999999999,1100000,10523744,82567,1063,4637869,0,0,0,0.0,2567,2567,0,0,778,1789,0,2567,33
2254,181693,72,pair_005_n3_005_conflict,conflict,1,0,0,12.540000000000003,0.04999999999999999,1100000,10528352,82614,1064,4640040,0,0,0,0.0,2568,2568,0,0,779,1789,0,2568,33
2255,181769,76,pair_016_n5_016_control,control,1,0,0,12.500000000000002,0.04999999999999999,1100000,10533216,82665,1066,4642424,0,0,0,0.0,2570,2570,0,0,780,1790,0,2570,33
2256,181857,88,pair_012_n3_012_control,control,1,0,0,12.380000000000003,0.04999999999999999,1100000,10538848,82711,1068,4645125,0,0,0,0.0,2573,2573,0,0,782,1791,0,2573,33
2257,181927,70,pair_017_n3_017_control,control,1,0,0,12.560000000000002,0.04999999999999999,1100000,10543328,82754,1068,4647324,0,0,0,0.0,2574,2574,0,0,783,1791,0,2574,33
2258,182000,73,pair_003_n3_003_conflict,conflict,1,0,0,12.530000000000001,0.04999999999999999,1100000,10548000,82799,1070,4649636,0,0,0,0.0,2576,2576,0,0,783,1793,0,2576,33
2259,182066,66,pair_013_n3_013_control,control,1,0,0,12.600000000000001,0.04999999999999999,1100000,10552224,82838,1070,4651657,0,0,0,0.0,2576,2576,0,0,783,1793,0,2576,33
2260,182135,69,pair_014_n3_014_conflict,conflict,1,0,0,12.570000000000002,0.04999999999999999,1100000,10556640,82877,1070,4653827,0,0,0,0.0,2579,2579,0,0,783,1796,0,2579,33
2261,182209,74,pair_010_n5_010_conflict,conflict,1,0,0,12.520000000000001,0.04999999999999999,1100000,10561376,82923,1070,4656145,0,0,0,0.0,2580,2580,0,0,784,1796,0,2580,33
2262,182278,69,pair_006_n3_006_conflict,conflict,1,0,0,12.570000000000002,0.04999999999999999,1100000,10565792,82946,1071,4658282,0,0,0,0.0,2580,2580,0,0,784,1796,0,2580,33
2263,182348,70,pair_007_n5_007_conflict,conflict,1,0,0,12.560000000000002,0.04999999999999999,1100000,10570272,82991,1071,4660478,0,0,0,0.0,2580,2580,0,0,784,1796,0,2580,33
2264,182419,71,pair_013_n5_013_control,control,1,0,0,12.55,0.04999999999999999,1100000,10574816,83052,1074,4662761,0,0,0,0.0,2581,2581,0,0,785,1796,0,2581,33
2265,182491,72,pair_001_n3_001_control,control,1,0,0,12.540000000000003,0.04999999999999999,1100000,10579424,83092,1075,4665072,0,0,0,0.0,2583,2583,0,0,786,1797,0,2583,33
2266,182560,69,pair_016_n3_016_conflict,conflict,1,0,0,12.570000000000002,0.04999999999999999,1100000,10583840,83129,1075,4667318,0,0,0,0.0,2584,2584,0,0,786,1798,0,2584,33
2267,182633,73,pair_007_n5_007_control,control,1,0,0,12.530000000000001,0.04999999999999999,1100000,10588512,83177,1075,4669701,0,0,0,0.0,2586,2586,0,0,788,1798,0,2586,33
2268,182706,73,pair_000_n3_000_control,control,1,0,0,12.530000000000001,0.04999999999999999,1100000,10593184,83211,1075,4672044,0,0,0,0.0,2586,2586,0,0,788,1798,0,2586,33
2269,182778,72,pair_006_n5_006_control,control,1,0,0,12.540000000000001,0.04999999999999999,1100000,10597792,83253,1078,4674428,0,0,0,0.0,2588,2588,0,0,790,1798,0,2588,33
2270,182850,72,pair_004_n5_004_control,control,1,0,0,12.540000000000003,0.04999999999999999,1100000,10602400,83292,1079,4676764,0,0,0,0.0,2590,2590,0,0,792,1798,0,2590,33
2271,182922,72,pair_010_n5_010_control,control,1,0,0,12.540000000000003,0.04999999999999999,1100000,10607008,83350,1080,4679115,0,0,0,0.0,2591,2591,0,0,792,1799,0,2591,33
2272,183003,81,pair_000_n5_000_conflict,conflict,1,0,0,12.450000000000001,0.04999999999999999,1100000,10612192,83406,1085,4681844,0,0,0,0.0,2596,2596,0,0,795,1801,0,2596,33
2273,183070,67,pair_010_n3_010_conflict,conflict,1,0,0,12.590000000000002,0.04999999999999999,1100000,10616480,83442,1085,4684065,0,0,0,0.0,2596,2596,0,0,795,1801,0,2596,33
2274,183136,66,pair_009_n5_009_control,control,1,0,0,12.600000000000001,0.04999999999999999,1100000,10620704,83488,1085,4686250,0,0,0,0.0,2596,2596,0,0,795,1801,0,2596,33
2275,183210,74,pair_001_n5_001_conflict,conflict,1,0,0,12.520000000000001,0.04999999999999999,1100000,10625440,83545,1086,4688728,0,0,0,0.0,2599,2599,0,0,796,1803,0,2599,33
2276,183281,71,pair_015_n3_015_control,control,1,0,0,12.55,0.04999999999999999,1100000,10629984,83600,1086,4691116,0,0,0,0.0,2599,2599,0,0,796,1803,0,2599,33
2277,183349,68,pair_013_n3_013_conflict,conflict,1,0,0,12.580000000000002,0.04999999999999999,1100000,10634336,83652,1087,4693472,0,0,0,0.0,2600,2600,0,0,797,1803,0,2600,33
2278,183428,79,pair_004_n5_004_conflict,conflict,1,0,0,12.470000000000002,0.04999999999999999,1100000,10639392,83705,1087,4696169,0,0,0,0.0,2602,2602,0,0,797,1805,0,2602,33
2279,183498,70,pair_015_n3_015_conflict,conflict,1,0,0,12.560000000000002,0.04999999999999999,1100000,10643872,83755,1087,4698558,0,0,0,0.0,2603,2603,0,0,797,1806,0,2603,33
2280,183571,73,pair_000_n3_000_conflict,conflict,1,0,0,12.530000000000001,0.04999999999999999,1100000,10648544,83799,1087,4701091,0,0,0,0.0,2605,2605,0,0,797,1808,0,2605,33
2281,183647,76,pair_011_n5_011_control,control,1,0,0,12.500000000000002,0.04999999999999999,1100000,10653408,83860,1088,4703685,0,0,0,0.0,2606,2606,0,0,798,1808,0,2606,33
2282,183719,72,pair_008_n3_008_conflict,conflict,1,0,0,12.540000000000003,0.04999999999999999,1100000,10658016,83901,1089,4706133,0,0,0,0.0,2607,2607,0,0,799,1808,0,2607,33
2283,183790,71,pair_016_n3_016_control,control,1,0,0,12.55,0.04999999999999999,1100000,10662560,83938,1089,4708612,0,0,0,0.0,2608,2608,0,0,799,1809,0,2608,33
2284,183867,77,pair_009_n3_009_control,control,1,0,0,12.490000000000002,0.04999999999999999,1100000,10667488,83988,1091,4711332,0,0,0,0.0,2611,2611,0,0,800,1811,0,2611,33
2285,183933,66,pair_008_n3_008_control,control,1,0,0,12.600000000000001,0.04999999999999999,1100000,10671712,84022,1091,4713650,0,0,0,0.0,2611,2611,0,0,800,1811,0,2611,33
2286,184000,67,pair_003_n3_003_control,control,1,0,0,12.590000000000002,0.04999999999999999,1100000,10676000,84046,1091,4716000,0,0,0,0.0,2611,2611,0,0,800,1811,0,2611,33
2287,184073,73,pair_011_n5_011_conflict,conflict,1,0,0,12.530000000000001,0.04999999999999999,1100000,10680672,84100,1091,4718490,0,0,0,0.0,2613,2613,0,0,800,1813,0,2613,33
2288,184142,69,pair_012_n3_012_conflict,conflict,1,0,0,12.570000000000002,0.04999999999999999,1100000,10685088,84132,1092,4720848,0,0,0,0.0,2614,2614,0,0,801,1813,0,2614,33
2289,184214,72,pair_017_n5_017_control,control,1,0,0,12.540000000000001,0.04999999999999999,1100000,10689696,84176,1093,4723375,0,0,0,0.0,2614,2614,0,0,801,1813,0,2614,33
2290,184283,69,pair_015_n5_015_conflict,conflict,1,0,0,12.570000000000002,0.04999999999999999,1100000,10694112,84221,1093,4725832,0,0,0,0.0,2614,2614,0,0,801,1813,0,2614,33
2291,184353,70,pair_005_n3_005_control,control,1,0,0,12.560000000000002,0.04999999999999999,1100000,10698592,84259,1094,4728291,0,0,0,0.0,2615,2615,0,0,802,1813,0,2615,33
2292,184424,71,pair_006_n5_006_conflict,conflict,1,0,0,12.55,0.04999999999999999,1100000,10703136,84319,1095,4730832,0,0,0,0.0,2617,2617,0,0,802,1815,0,2617,33
2293,184494,70,pair_001_n3_001_conflict,conflict,1,0,0,12.560000000000002,0.04999999999999999,1100000,10707616,84346,1096,4733293,0,0,0,0.0,2618,2618,0,0,802,1816,0,2618,33
2294,184562,68,pair_012_n5_012_conflict,conflict,1,0,0,12.580000000000002,0.04999999999999999,1100000,10711968,84383,1097,4735743,0,0,0,0.0,2619,2619,0,0,802,1817,0,2619,33
2295,184635,73,pair_012_n5_012_control,control,1,0,0,12.530000000000001,0.04999999999999999,1100000,10716640,84418,1097,4738301,0,0,0,0.0,2619,2619,0,0,802,1817,0,2619,33
2296,184707,72,pair_002_n3_002_conflict,conflict,1,0,0,12.540000000000003,0.04999999999999999,1100000,10721248,84449,1097,4740916,0,0,0,0.0,2621,2621,0,0,803,1818,0,2621,33
2297,184773,66,pair_009_n3_009_conflict,conflict,1,0,0,12.600000000000001,0.04999999999999999,1100000,10725472,84490,1097,4743290,0,0,0,0.0,2621,2621,0,0,803,1818,0,2621,33
2298,184840,67,pair_016_n5_016_conflict,conflict,1,0,0,12.590000000000002,0.04999999999999999,1100000,10729760,84532,1097,4745728,0,0,0,0.0,2621,2621,0,0,803,1818,0,2621,33
2299,184910,70,pair_004_n3_004_control,control,1,0,0,12.560000000000002,0.04999999999999999,1100000,10734240,84563,1098,4748187,0,0,0,0.0,2622,2622,0,0,804,1818,0,2622,33
2300,184978,68,pair_017_n5_017_conflict,conflict,1,0,0,12.580000000000002,0.04999999999999999,1100000,10738592,84611,1101,4750738,0,0,0,0.0,2624,2624,0,0,805,1819,0,2624,33
2301,185047,69,pair_006_n3_006_control,control,1,0,0,12.570000000000002,0.04999999999999999,1100000,10743008,84660,1101,4753318,0,0,0,0.0,2625,2625,0,0,805,1820,0,2625,33
2302,185119,72,pair_002_n3_002_control,control,1,0,0,12.540000000000001,0.04999999999999999,1100000,10747616,84686,1101,4755928,0,0,0,0.0,2626,2626,0,0,805,1821,0,2626,33
2303,185191,72,pair_009_n5_009_conflict,conflict,1,0,0,12.540000000000001,0.04999999999999999,1100000,10752224,84742,1101,4758568,0,0,0,0.0,2626,2626,0,0,805,1821,0,2626,33
2304,185258,67,pair_004_n5_004_control,control,1,0,0,12.590000000000002,0.04999999999999999,1100000,10756512,84779,1101,4761012,0,0,0,0.0,2627,2627,0,0,806,1821,0,2627,33
2305,185339,81,pair_014_n5_014_conflict,conflict,1,0,0,12.450000000000001,0.04999999999999999,1100000,10761696,84841,1105,4763969,0,0,0,0.0,2632,2632,0,0,808,1824,0,2632,33
2306,185415,76,pair_007_n3_007_conflict,conflict,1,0,0,12.500000000000002,0.04999999999999999,1100000,10766560,84887,1106,4766768,0,0,0,0.0,2634,2634,0,0,809,1825,0,2634,33
2307,185491,76,pair_012_n5_012_control,control,1,0,0,12.500000000000002,0.04999999999999999,1100000,10771424,84937,1109,4769622,0,0,0,0.0,2638,2638,0,0,809,1829,0,2638,33
2308,185567,76,pair_015_n5_015_conflict,conflict,1,0,0,12.500000000000002,0.04999999999999999,1100000,10776288,84993,1114,4772492,0,0,0,0.0,2641,2641,0,0,811,1830,0,2641,33
2309,185637,70,pair_012_n5_012_conflict,conflict,1,0,0,12.560000000000002,0.04999999999999999,1100000,10780768,85035,1117,4775075,0,0,0,0.0,2643,2643,0,0,813,1830,0,2643,33
2310,185706,69,pair_001_n5_001_conflict,conflict,1,0,0,12.570000000000002,0.04999999999999999,1100000,10785184,85089,1118,4777617,0,0,0,0.0,2644,2644,0,0,814,1830,0,2644,33
2311,185774,68,pair_017_n5_017_conflict,conflict,1,0,0,12.580000000000002,0.04999999999999999,1100000,10789536,85137,1119,4780121,0,0,0,0.0,2647,2647,0,0,814,1833,0,2647,33
2312,185843,69,pair_006_n3_006_control,control,1,0,0,12.570000000000002,0.04999999999999999,1100000,10793952,85171,1119,4782704,0,0,0,0.0,2647,2647,0,0,814,1833,0,2647,33
2313,185912,69,pair_005_n5_005_conflict,conflict,1,0,0,12.570000000000002,0.04999999999999999,1100000,10798368,85213,1121,4785265,0,0,0,0.0,2650,2650,0,0,814,1836,0,2650,33
2314,185984,72,pair_005_n3_005_control,control,1,0,0,12.540000000000001,0.04999999999999999,1100000,10802976,85250,1121,4787963,0,0,0,0.0,2651,2651,0,0,815,1836,0,2651,33
2315,186050,66,pair_013_n3_013_control,control,1,0,0,12.600000000000001,0.04999999999999999,1100000,10807200,85290,1121,4790434,0,0,0,0.0,2651,2651,0,0,815,1836,0,2651,33
2316,186123,73,pair_003_n3_003_conflict,conflict,1,0,0,12.530000000000001,0.04999999999999999,1100000,10811872,85321,1121,4793156,0,0,0,0.0,2651,2651,0,0,815,1836,0,2651,33
2317,186190,67,pair_016_n3_016_conflict,conflict,1,0,0,12.590000000000002,0.04999999999999999,1100000,10816160,85348,1121,4795673,0,0,0,0.0,2651,2651,0,0,815,1836,0,2651,33
2318,186261,71,pair_004_n3_004_conflict,conflict,1,0,0,12.55,0.04999999999999999,1100000,10820704,85378,1121,4798295,0,0,0,0.0,2652,2652,0,0,816,1836,0,2652,33
2319,186332,71,pair_017_n3_017_conflict,conflict,1,0,0,12.55,0.04999999999999999,1100000,10825248,85423,1121,4800931,0,0,0,0.0,2652,2652,0,0,816,1836,0,2652,33
2320,186405,73,pair_011_n3_011_control,control,1,0,0,12.530000000000001,0.04999999999999999,1100000,10829920,85464,1121,4803605,0,0,0,0.0,2652,2652,0,0,816,1836,0,2652,33
2321,186477,72,pair_011_n3_011_conflict,conflict,1,0,0,12.540000000000001,0.04999999999999999,1100000,10834528,85510,1121,4806236,0,0,0,0.0,2653,2653,0,0,817,1836,0,2653,33
2322,186543,66,pair_006_n5_006_conflict,conflict,1,0,0,12.600000000000001,0.04999999999999999,1100000,10838752,85559,1121,4808707,0,0,0,0.0,2654,2654,0,0,817,1837,0,2654,33
2323,186616,73,pair_006_n3_006_conflict,conflict,1,0,0,12.530000000000001,0.04999999999999999,1100000,10843424,85595,1121,4811414,0,0,0,0.0,2655,2655,0,0,817,1838,0,2655,33
2324,186689,73,pair_014_n3_014_control,control,1,0,0,12.530000000000001,0.04999999999999999,1100000,10848096,85631,1121,4814146,0,0,0,0.0,2655,2655,0,0,817,1838,0,2655,33
2325,186757,68,pair_015_n3_015_conflict,conflict,1,0,0,12.580000000000002,0.04999999999999999,1100000,10852448,85671,1123,4816663,0,0,0,0.0,2656,2656,0,0,817,1839,0,2656,33
2326,186823,66,pair_007_n3_007_control,control,1,0,0,12.600000000000001,0.04999999999999999,1100000,10856672,85709,1123,4819161,0,0,0,0.0,2656,2656,0,0,817,1839,0,2656,33
2327,186892,69,pair_007_n5_007_conflict,conflict,1,0,0,12.570000000000002,0.04999999999999999,1100000,10861088,85759,1124,4821728,0,0,0,0.0,2657,2657,0,0,818,1839,0,2657,33
2328,186962,70,pair_005_n5_005_control,control,1,0,0,12.560000000000002,0.04999999999999999,1100000,10865568,85794,1125,4824325,0,0,0,0.0,2658,2658,0,0,819,1839,0,2658,33
2329,187033,71,pair_000_n5_000_control,control,1,0,0,12.55,0.04999999999999999,1100000,10870112,85825,1125,4826986,0,0,0,0.0,2660,2660,0,0,819,1841,0,2660,33
2330,187102,69,pair_010_n5_010_conflict,conflict,1,0,0,12.570000000000002,0.04999999999999999,1100000,10874528,85839,1125,4829557,0,0,0,0.0,2660,2660,0,0,819,1841,0,2660,33
2331,187170,68,pair_003_n3_003_control,control,1,0,0,12.580000000000002,0.04999999999999999,1100000,10878880,85855,1125,4832099,0,0,0,0.0,2661,2661,0,0,819,1842,0,2661,33
2332,187243,73,pair_008_n3_008_control,control,1,0,0,12.530000000000001,0.04999999999999999,1100000,10883552,85869,1125,4834799,0,0,0,0.0,2662,2662,0,0,819,1843,0,2662,33
2333,187315,72,pair_009_n3_009_conflict,conflict,1,0,0,12.540000000000003,0.04999999999999999,1100000,10888160,85913,1126,4837510,0,0,0,0.0,2664,2664,0,0,821,1843,0,2664,33
2334,187391,76,pair_001_n3_001_control,control,1,0,0,12.500000000000002,0.04999999999999999,1100000,10893024,85944,1127,4840415,0,0,0,0.0,2665,2665,0,0,822,1843,0,2665,33
2335,187461,70,pair_013_n5_013_control,control,1,0,0,12.560000000000002,0.04999999999999999,1100000,10897504,85990,1127,4843019,0,0,0,0.0,2666,2666,0,0,822,1844,0,2666,33
2336,187528,67,pair_016_n5_016_control,control,1,0,0,12.590000000000002,0.04999999999999999,1100000,10901792,86028,1127,4845523,0,0,0,0.0,2667,2667,0,0,823,1844,0,2667,33
2337,187599,71,pair_000_n3_000_conflict,conflict,1,0,0,12.55,0.04999999999999999,1100000,10906336,86054,1127,4848140,0,0,0,0.0,2669,2669,0,0,823,1846,0,2669,33
2338,187666,67,pair_017_n5_017_control,control,1,0,0,12.590000000000002,0.04999999999999999,1100000,10910624,86094,1127,4850607,0,0,0,0.0,2669,2669,0,0,823,1846,0,2669,33
2339,187738,72,pair_001_n5_001_control,control,1,0,0,12.540000000000003,0.04999999999999999,1100000,10915232,86143,1128,4853287,0,0,0,0.0,2670,2670,0,0,824,1846,0,2670,33
2340,187804,66,pair_001_n3_001_conflict,conflict,1,0,0,12.600000000000001,0.04999999999999999,1100000,10919456,86179,1128,4855742,0,0,0,0.0,2670,2670,0,0,824,1846,0,2670,33
2341,187872,68,pair_015_n5_015_control,control,1,0,0,12.580000000000002,0.04999999999999999,1100000,10923808,86227,1128,4858330,0,0,0,0.0,2672,2672,0,0,824,1848,0,2672,33
2342,187942,70,pair_005_n3_005_conflict,conflict,1,0,0,12.560000000000002,0.04999999999999999,1100000,10928288,86256,1129,4860966,0,0,0,0.0,2673,2673,0,0,825,1848,0,2673,33
2343,188011,69,pair_011_n5_011_conflict,conflict,1,0,0,12.570000000000002,0.04999999999999999,1100000,10932704,86306,1130,4863567,0,0,0,0.0,2674,2674,0,0,826,1848,0,2674,33
2344,188080,69,pair_003_n5_003_conflict,conflict,1,0,0,12.570000000000002,0.04999999999999999,1100000,10937120,86347,1131,4866168,0,0,0,0.0,2675,2675,0,0,827,1848,0,2675,33
2345,188152,72,pair_002_n5_002_control,control,1,0,0,12.540000000000001,0.04999999999999999,1100000,10941728,86385,1132,4868874,0,0,0,0.0,2677,2677,0,0,828,1849,0,2677,33
2346,188221,69,pair_002_n5_002_conflict,conflict,1,0,0,12.570000000000002,0.04999999999999999,1100000,10946144,86422,1134,4871387,0,0,0,0.0,2680,2680,0,0,829,1851,0,2680,33
2347,188289,68,pair_017_n3_017_control,control,1,0,0,12.580000000000002,0.04999999999999999,1100000,10950496,86467,1134,4873959,0,0,0,0.0,2680,2680,0,0,829,1851,0,2680,33
2348,188361,72,pair_012_n3_012_control,control,1,0,0,12.540000000000003,0.04999999999999999,1100000,10955104,86494,1135,4876685,0,0,0,0.0,2681,2681,0,0,830,1851,0,2681,33
2349,188434,73,pair_010_n3_010_conflict,conflict,1,0,0,12.530000000000001,0.04999999999999999,1100000,10959776,86504,1135,4879417,0,0,0,0.0,2681,2681,0,0,830,1851,0,2681,33
2350,188500,66,pair_013_n5_013_conflict,conflict,1,0,0,12.600000000000001,0.04999999999999999,1100000,10964000,86528,1135,4881933,0,0,0,0.0,2681,2681,0,0,830,1851,0,2681,33
2351,188567,67,pair_013_n3_013_conflict,conflict,1,0,0,12.590000000000002,0.04999999999999999,1100000,10968288,86551,1135,4884449,0,0,0,0.0,2681,2681,0,0,830,1851,0,2681,33
2352,188633,66,pair_016_n5_016_conflict,conflict,1,0,0,12.600000000000001,0.04999999999999999,1100000,10972512,86577,1135,4886925,0,0,0,0.0,2681,2681,0,0,830,1851,0,2681,33
2353,188711,78,pair_008_n5_008_control,control,1,0,0,12.480000000000002,0.04999999999999999,1100000,10977504,86626,1136,4889753,0,0,0,0.0,2682,2682,0,0,830,1852,0,2682,33
2354,188789,78,pair_009_n3_009_control,control,1,0,0,12.480000000000002,0.04999999999999999,1100000,10982496,86664,1138,4892628,0,0,0,0.0,2684,2684,0,0,831,1853,0,2684,33
2355,188856,67,pair_009_n5_009_control,control,1,0,0,12.590000000000002,0.04999999999999999,1100000,10986784,86704,1138,4895155,0,0,0,0.0,2684,2684,0,0,831,1853,0,2684,33
2356,188922,66,pair_010_n5_010_control,control,1,0,0,12.600000000000001,0.04999999999999999,1100000,10991008,86718,1138,4897535,0,0,0,0.0,2684,2684,0,0,831,1853,0,2684,33
2357,188990,68,pair_016_n3_016_control,control,1,0,0,12.580000000000002,0.04999999999999999,1100000,10995360,86745,1138,4900003,0,0,0,0.0,2684,2684,0,0,831,1853,0,2684,33
2358,189060,70,pair_002_n3_002_conflict,conflict,1,0,0,12.560000000000002,0.04999999999999999,1100000,10999840,86766,1139,4902546,0,0,0,0.0,2685,2685,0,0,832,1853,0,2685,33
2359,189128,68,pair_015_n3_015_control,control,1,0,0,12.580000000000002,0.04999999999999999,1100000,11004192,86797,1139,4905008,0,0,0,0.0,2685,2685,0,0,832,1853,0,2685,33
2360,189200,72,pair_007_n5_007_control,control,1,0,0,12.540000000000001,0.04999999999999999,1100000,11008800,86839,1141,4907650,0,0,0,0.0,2687,2687,0,0,834,1853,0,2687,33
2361,189269,69,pair_000_n5_000_conflict,conflict,1,0,0,12.570000000000002,0.04999999999999999,1100000,11013216,86872,1142,4910170,0,0,0,0.0,2688,2688,0,0,834,1854,0,2688,33
2362,189341,72,pair_004_n3_004_control,control,1,0,0,12.540000000000001,0.04999999999999999,1100000,11017824,86898,1144,4912774,0,0,0,0.0,2690,2690,0,0,836,1854,0,2690,33
2363,189411,70,pair_009_n5_009_conflict,conflict,1,0,0,12.560000000000002,0.04999999999999999,1100000,11022304,86939,1145,4915240,0,0,0,0.0,2693,2693,0,0,838,1855,0,2693,33
2364,189486,75,pair_004_n5_004_conflict,conflict,1,0,0,12.510000000000002,0.04999999999999999,1100000,11027104,86967,1146,4917958,0,0,0,0.0,2694,2694,0,0,839,1855,0,2694,33
2365,189553,67,pair_010_n3_010_control,control,1,0,0,12.590000000000002,0.04999999999999999,1100000,11031392,86977,1146,4920343,0,0,0,0.0,2694,2694,0,0,839,1855,0,2694,33
2366,189622,69,pair_012_n3_012_conflict,conflict,1,0,0,12.570000000000002,0.04999999999999999,1100000,11035808,87005,1147,4922726,0,0,0,0.0,2695,2695,0,0,839,1856,0,2695,33
2367,189691,69,pair_008_n5_008_conflict,conflict,1,0,0,12.570000000000002,0.04999999999999999,1100000,11040224,87030,1147,4925230,0,0,0,0.0,2695,2695,0,0,839,1856,0,2695,33
2368,189757,66,pair_008_n3_008_conflict,conflict,1,0,0,12.600000000000001,0.04999999999999999,1100000,11044448,87040,1147,4927572,0,0,0,0.0,2695,2695,0,0,839,1856,0,2695,33
2369,189827,70,pair_000_n3_000_control,control,1,0,0,12.560000000000002,0.04999999999999999,1100000,11048928,87066,1147,4930024,0,0,0,0.0,2696,2696,0,0,840,1856,0,2696,33
2370,189898,71,pair_002_n3_002_control,control,1,0,0,12.55,0.04999999999999999,1100000,11053472,87090,1148,4932545,0,0,0,0.0,2697,2697,0,0,840,1857,0,2697,33
2371,189968,70,pair_011_n5_011_control,control,1,0,0,12.560000000000002,0.04999999999999999,1100000,11057952,87116,1149,4934979,0,0,0,0.0,2698,2698,0,0,841,1857,0,2698,33
2372,190038,70,pair_014_n3_014_conflict,conflict,1,0,0,12.560000000000002,0.04999999999999999,1100000,11062432,87155,1149,4937432,0,0,0,0.0,2699,2699,0,0,841,1858,0,2699,33
2373,190104,66,pair_014_n5_014_control,control,1,0,0,12.600000000000001,0.04999999999999999,1100000,11066656,87182,1149,4939692,0,0,0,0.0,2699,2699,0,0,841,1858,0,2699,33
2374,190174,70,pair_003_n5_003_control,control,1,0,0,12.560000000000002,0.04999999999999999,1100000,11071136,87206,1150,4942104,0,0,0,0.0,2700,2700,0,0,842,1858,0,2700,33
2375,190241,67,pair_006_n5_006_control,control,1,0,0,12.590000000000002,0.04999999999999999,1100000,11075424,87243,1150,4944392,0,0,0,0.0,2700,2700,0,0,842,1858,0,2700,33
2376,190310,69,pair_015_n3_015_conflict,conflict,1,0,0,12.570000000000002,0.04999999999999999,1100000,11079840,87272,1150,4946802,0,0,0,0.0,2700,2700,0,0,842,1858,0,2700,33
2377,190381,71,pair_009_n3_009_conflict,conflict,1,0,0,12.55,0.04999999999999999,1100000,11084384,87316,1151,4949300,0,0,0,0.0,2702,2702,0,0,844,1858,0,2702,33
2378,190448,67,pair_009_n5_009_conflict,conflict,1,0,0,12.590000000000002,0.04999999999999999,1100000,11088672,87367,1151,4951647,0,0,0,0.0,2702,2702,0,0,844,1858,0,2702,33
2379,190521,73,pair_005_n5_005_control,control,1,0,0,12.530000000000001,0.04999999999999999,1100000,11093344,87405,1151,4954127,0,0,0,0.0,2702,2702,0,0,844,1858,0,2702,33
2380,190590,69,pair_015_n5_015_control,control,1,0,0,12.570000000000002,0.04999999999999999,1100000,11097760,87440,1151,4956419,0,0,0,0.0,2703,2703,0,0,845,1858,0,2703,33
2381,190663,73,pair_010_n5_010_control,control,1,0,0,12.530000000000001,0.04999999999999999,1100000,11102432,87451,1151,4958923,0,0,0,0.0,2703,2703,0,0,845,1858,0,2703,33
2382,190733,70,pair_004_n3_004_control,control,1,0,0,12.560000000000002,0.04999999999999999,1100000,11106912,87472,1151,4961385,0,0,0,0.0,2703,2703,0,0,845,1858,0,2703,33
2383,190809,76,pair_016_n5_016_control,control,1,0,0,12.500000000000002,0.04999999999999999,1100000,11111776,87519,1151,4964016,0,0,0,0.0,2706,2706,0,0,847,1859,0,2706,33
2384,190879,70,pair_001_n5_001_control,control,1,0,0,12.560000000000002,0.04999999999999999,1100000,11116256,87541,1152,4966355,0,0,0,0.0,2707,2707,0,0,848,1859,0,2707,33
2385,190950,71,pair_017_n3_017_conflict,conflict,1,0,0,12.55,0.04999999999999999,1100000,11120800,87578,1152,4968773,0,0,0,0.0,2708,2708,0,0,849,1859,0,2708,33
2386,191019,69,pair_014_n5_014_conflict,conflict,1,0,0,12.570000000000002,0.04999999999999999,1100000,11125216,87612,1152,4971130,0,0,0,0.0,2710,2710,0,0,851,1859,0,2710,33
2387,191090,71,pair_008_n3_008_control,control,1,0,0,12.55,0.04999999999999999,1100000,11129760,87628,1153,4973604,0,0,0,0.0,2711,2711,0,0,851,1860,0,2711,33
2388,191156,66,pair_011_n5_011_control,control,1,0,0,12.600000000000001,0.04999999999999999,1100000,11133984,87672,1153,4975756,0,0,0,0.0,2711,2711,0,0,851,1860,0,2711,33
2389,191233,77,pair_005_n3_005_conflict,conflict,1,0,0,12.490000000000002,0.04999999999999999,1100000,11138912,87711,1153,4978377,0,0,0,0.0,2711,2711,0,0,851,1860,0,2711,33
2390,191302,69,pair_001_n3_001_control,control,1,0,0,12.570000000000002,0.04999999999999999,1100000,11143328,87736,1154,4980729,0,0,0,0.0,2712,2712,0,0,851,1861,0,2712,33
2391,191371,69,pair_015_n5_015_conflict,conflict,1,0,0,12.570000000000002,0.04999999999999999,1100000,11147744,87795,1155,4983052,0,0,0,0.0,2713,2713,0,0,852,1861,0,2713,33
2392,191440,69,pair_011_n5_011_conflict,conflict,1,0,0,12.570000000000002,0.04999999999999999,1100000,11152160,87831,1155,4985345,0,0,0,0.0,2714,2714,0,0,853,1861,0,2714,33
2393,191509,69,pair_010_n5_010_conflict,conflict,1,0,0,12.570000000000002,0.04999999999999999,1100000,11156576,87853,1156,4987653,0,0,0,0.0,2716,2716,0,0,854,1862,0,2716,33
2394,191577,68,pair_003_n5_003_conflict,conflict,1,0,0,12.580000000000002,0.04999999999999999,1100000,11160928,87880,1157,4989973,0,0,0,0.0,2718,2718,0,0,856,1862,0,2718,33
2395,191648,71,pair_016_n3_016_conflict,conflict,1,0,0,12.55,0.04999999999999999,1100000,11165472,87913,1157,4992365,0,0,0,0.0,2719,2719,0,0,857,1862,0,2719,33
2396,191716,68,pair_013_n3_013_conflict,conflict,1,0,0,12.580000000000002,0.04999999999999999,1100000,11169824,87936,1157,4994689,0,0,0,0.0,2720,2720,0,0,858,1862,0,2720,33
2397,191785,69,pair_005_n5_005_conflict,conflict,1,0,0,12.570000000000002,0.04999999999999999,1100000,11174240,87970,1158,4997049,0,0,0,0.0,2721,2721,0,0,859,1862,0,2721,33
2398,191861,76,pair_007_n5_007_conflict,conflict,1,0,0,12.500000000000002,0.04999999999999999,1100000,11179104,88019,1158,4999575,0,0,0,0.0,2722,2722,0,0,860,1862,0,2722,33
2399,191934,73,pair_004_n5_004_conflict,conflict,1,0,0,12.530000000000001,0.04999999999999999,1100000,11183776,88062,1158,5001981,0,0,0,0.0,2722,2722,0,0,860,1862,0,2722,33
2400,192005,71,pair_017_n3_017_control,control,1,0,0,12.550000000000002,0.04999999999999999,1100000,11188320,88101,1158,5004358,0,0,0,0.0,2723,2723,0,0,861,1862,0,2723,33
2401,192074,69,pair_010_n3_010_conflict,conflict,1,0,0,12.570000000000002,0.04999999999999999,1100000,11192736,88120,1158,5006584,0,0,0,0.0,2723,2723,0,0,861,1862,0,2723,33
2402,192147,73,pair_013_n3_013_control,control,1,0,0,12.530000000000001,0.04999999999999999,1100000,11197408,88141,1158,5008975,0,0,0,0.0,2724,2724,0,0,862,1862,0,2724,33
2403,192218,71,pair_009_n3_009_control,control,1,0,0,12.55,0.04999999999999999,1100000,11201952,88187,1158,5011329,0,0,0,0.0,2725,2725,0,0,863,1862,0,2725,33
2404,192287,69,pair_008_n5_008_conflict,conflict,1,0,0,12.570000000000002,0.04999999999999999,1100000,11206368,88230,1158,5013632,0,0,0,0.0,2726,2726,0,0,864,1862,0,2726,33
2405,192353,66,pair_003_n3_003_control,control,1,0,0,12.600000000000001,0.04999999999999999,1100000,11210592,88254,1158,5015749,0,0,0,0.0,2726,2726,0,0,864,1862,0,2726,33
2406,192425,72,pair_000_n5_000_control,control,1,0,0,12.540000000000001,0.04999999999999999,1100000,11215200,88285,1159,5018090,0,0,0,0.0,2728,2728,0,0,864,1864,0,2728,33
2407,192502,77,pair_016_n5_016_conflict,conflict,1,0,0,12.490000000000002,0.04999999999999999,1100000,11220128,88321,1159,5020547,0,0,0,0.0,2729,2729,0,0,865,1864,0,2729,33
2408,192575,73,pair_013_n5_013_conflict,conflict,1,0,0,12.530000000000001,0.04999999999999999,1100000,11224800,88358,1159,5022958,0,0,0,0.0,2730,2730,0,0,866,1864,0,2730,33
2409,192642,67,pair_007_n5_007_control,control,1,0,0,12.590000000000002,0.04999999999999999,1100000,11229088,88399,1159,5025128,0,0,0,0.0,2731,2731,0,0,867,1864,0,2731,33
2410,192709,67,pair_000_n3_000_control,control,1,0,0,12.590000000000002,0.04999999999999999,1100000,11233376,88425,1159,5027298,0,0,0,0.0,2732,2732,0,0,867,1865,0,2732,33
2411,192776,67,pair_011_n3_011_conflict,conflict,1,0,0,12.590000000000002,0.04999999999999999,1100000,11237664,88437,1159,5029426,0,0,0,0.0,2733,2733,0,0,867,1866,0,2733,33
2412,192847,71,pair_014_n3_014_control,control,1,0,0,12.55,0.04999999999999999,1100000,11242208,88477,1159,5031635,0,0,0,0.0,2734,2734,0,0,868,1866,0,2734,33
2413,192914,67,pair_017_n5_017_control,control,1,0,0,12.590000000000002,0.04999999999999999,1100000,11246496,88523,1159,5033780,0,0,0,0.0,2735,2735,0,0,869,1866,0,2735,33
2414,192982,68,pair_008_n5_008_control,control,1,0,0,12.580000000000002,0.04999999999999999,1100000,11250848,88563,1159,5035940,0,0,0,0.0,2737,2737,0,0,870,1867,0,2737,33
2415,193050,68,pair_014_n3_014_conflict,conflict,1,0,0,12.580000000000002,0.04999999999999999,1100000,11255200,88596,1159,5038113,0,0,0,0.0,2738,2738,0,0,871,1867,0,2738,33
2416,193120,70,pair_012_n3_012_control,control,1,0,0,12.560000000000002,0.04999999999999999,1100000,11259680,88629,1159,5040292,0,0,0,0.0,2739,2739,0,0,872,1867,0,2739,33
2417,193186,66,pair_016_n3_016_control,control,1,0,0,12.600000000000001,0.04999999999999999,1100000,11263904,88662,1159,5042410,0,0,0,0.0,2739,2739,0,0,872,1867,0,2739,33
2418,193253,67,pair_001_n3_001_conflict,conflict,1,0,0,12.590000000000002,0.04999999999999999,1100000,11268192,88672,1159,5044553,0,0,0,0.0,2739,2739,0,0,872,1867,0,2739,33
2419,193325,72,pair_002_n3_002_control,control,1,0,0,12.540000000000001,0.04999999999999999,1100000,11272800,88693,1159,5046798,0,0,0,0.0,2739,2739,0,0,872,1867,0,2739,33
2420,193393,68,pair_006_n3_006_conflict,conflict,1,0,0,12.580000000000002,0.04999999999999999,1100000,11277152,88728,1159,5048935,0,0,0,0.0,2741,2741,0,0,874,1867,0,2741,33
2421,193464,71,pair_006_n3_006_control,control,1,0,0,12.55,0.04999999999999999,1100000,11281696,88768,1159,5051202,0,0,0,0.0,2743,2743,0,0,874,1869,0,2743,33
2422,193546,82,pair_007_n3_007_conflict,conflict,1,0,0,12.440000000000001,0.04999999999999999,1100000,11286944,88813,1161,5053776,0,0,0,0.0,2744,2744,0,0,874,1870,0,2744,33
2423,193617,71,pair_017_n5_017_conflict,conflict,1,0,0,12.55,0.04999999999999999,1100000,11291488,88854,1161,5055980,0,0,0,0.0,2744,2744,0,0,874,1870,0,2744,33
2424,193687,70,pair_009_n5_009_control,control,1,0,0,12.560000000000002,0.04999999999999999,1100000,11295968,88903,1162,5058214,0,0,0,0.0,2745,2745,0,0,875,1870,0,2745,33
2425,193757,70,pair_014_n5_014_control,control,1,0,0,12.560000000000002,0.04999999999999999,1100000,11300448,88930,1162,5060448,0,0,0,0.0,2745,2745,0,0,875,1870,0,2745,33
2426,193829,72,pair_011_n3_011_control,control,1,0,0,12.540000000000003,0.04999999999999999,1100000,11305056,88970,1163,5062658,0,0,0,0.0,2746,2746,0,0,876,1870,0,2746,33
2427,193899,70,pair_007_n3_007_control,control,1,0,0,12.560000000000002,0.04999999999999999,1100000,11309536,89011,1164,5064829,0,0,0,0.0,2747,2747,0,0,877,1870,0,2747,33
2428,193973,74,pair_015_n3_015_control,control,1,0,0,12.520000000000001,0.04999999999999999,1100000,11314272,89057,1164,5067103,0,0,0,0.0,2747,2747,0,0,877,1870,0,2747,33
2429,194044,71,pair_003_n5_003_control,control,1,0,0,12.55,0.04999999999999999,1100000,11318816,89087,1164,5069238,0,0,0,0.0,2748,2748,0,0,877,1871,0,2748,33
2430,194113,69,pair_002_n5_002_conflict,conflict,1,0,0,12.570000000000002,0.04999999999999999,1100000,11323232,89118,1165,5071390,0,0,0,0.0,2750,2750,0,0,879,1871,0,2750,33
2431,194186,73,pair_003_n3_003_conflict,conflict,1,0,0,12.530000000000001,0.04999999999999999,1100000,11327904,89135,1165,5073580,0,0,0,0.0,2750,2750,0,0,879,1871,0,2750,33
2432,194255,69,pair_013_n5_013_control,control,1,0,0,12.570000000000002,0.04999999999999999,1100000,11332320,89163,1166,5075718,0,0,0,0.0,2752,2752,0,0,881,1871,0,2752,33
2433,194323,68,pair_001_n5_001_conflict,conflict,1,0,0,12.580000000000002,0.04999999999999999,1100000,11336672,89174,1166,5077773,0,0,0,0.0,2752,2752,0,0,881,1871,0,2752,33
2434,194394,71,pair_005_n3_005_control,control,1,0,0,12.55,0.04999999999999999,1100000,11341216,89202,1166,5079838,0,0,0,0.0,2752,2752,0,0,881,1871,0,2752,33
2435,194463,69,pair_002_n5_002_control,control,1,0,0,12.570000000000002,0.04999999999999999,1100000,11345632,89225,1166,5081938,0,0,0,0.0,2752,2752,0,0,881,1871,0,2752,33
2436,194539,76,pair_010_n3_010_control,control,1,0,0,12.500000000000002,0.04999999999999999,1100000,11350496,89239,1166,5084199,0,0,0,0.0,2752,2752,0,0,881,1871,0,2752,33
2437,194607,68,pair_000_n3_000_conflict,conflict,1,0,0,12.580000000000002,0.04999999999999999,1100000,11354848,89264,1166,5086225,0,0,0,0.0,2753,2753,0,0,881,1872,0,2753,33
2438,194685,78,pair_012_n5_012_control,control,1,0,0,12.480000000000002,0.04999999999999999,1100000,11359840,89291,1167,5088522,0,0,0,0.0,2754,2754,0,0,881,1873,0,2754,33
2439,194760,75,pair_012_n5_012_conflict,conflict,1,0,0,12.510000000000002,0.04999999999999999,1100000,11364640,89322,1169,5090677,0,0,0,0.0,2756,2756,0,0,883,1873,0,2756,33
2440,194830,70,pair_008_n3_008_conflict,conflict,1,0,0,12.560000000000002,0.04999999999999999,1100000,11369120,89334,1170,5092771,0,0,0,0.0,2757,2757,0,0,883,1874,0,2757,33
2441,194902,72,pair_002_n3_002_conflict,conflict,1,0,0,12.540000000000003,0.04999999999999999,1100000,11373728,89358,1172,5094915,0,0,0,0.0,2759,2759,0,0,885,1874,0,2759,33
2442,194972,70,pair_012_n3_012_conflict,conflict,1,0,0,12.560000000000002,0.04999999999999999,1100000,11378208,89386,1172,5096989,0,0,0,0.0,2759,2759,0,0,885,1874,0,2759,33
2443,195048,76,pair_000_n5_000_conflict,conflict,1,0,0,12.500000000000002,0.04999999999999999,1100000,11383072,89441,1176,5099332,0,0,0,0.0,2764,2764,0,0,888,1876,0,2764,33
2444,195119,71,pair_004_n3_004_conflict,conflict,1,0,0,12.55,0.04999999999999999,1100000,11387616,89471,1176,5101432,0,0,0,0.0,2765,2765,0,0,889,1876,0,2765,33
2445,195186,67,pair_004_n5_004_control,control,1,0,0,12.590000000000002,0.04999999999999999,1100000,11391904,89494,1176,5103363,0,0,0,0.0,2765,2765,0,0,889,1876,0,2765,33
2446,195253,67,pair_006_n5_006_control,control,1,0,0,12.590000000000002,0.04999999999999999,1100000,11396192,89541,1176,5105229,0,0,0,0.0,2767,2767,0,0,889,1878,0,2767,33
2447,195331,78,pair_006_n5_006_conflict,conflict,1,0,0,12.480000000000002,0.04999999999999999,1100000,11401184,89599,1178,5107530,0,0,0,0.0,2771,2771,0,0,890,1881,0,2771,33
2448,195405,74,pair_001_n5_001_conflict,conflict,1,0,0,12.520000000000001,0.04999999999999999,1100000,11405920,89620,1178,5109727,0,0,0,0.0,2771,2771,0,0,890,1881,0,2771,33
2449,195476,71,pair_000_n3_000_conflict,conflict,1,0,0,12.55,0.04999999999999999,1100000,11410464,89651,1178,5111745,0,0,0,0.0,2772,2772,0,0,891,1881,0,2772,33
2450,195548,72,pair_005_n3_005_conflict,conflict,1,0,0,12.540000000000003,0.04999999999999999,1100000,11415072,89682,1181,5113837,0,0,0,0.0,2774,2774,0,0,892,1882,0,2774,33
2451,195621,73,pair_016_n5_016_conflict,conflict,1,0,0,12.530000000000001,0.04999999999999999,1100000,11419744,89733,1181,5115954,0,0,0,0.0,2775,2775,0,0,893,1882,0,2775,33
2452,195694,73,pair_013_n3_013_control,control,1,0,0,12.530000000000001,0.04999999999999999,1100000,11424416,89761,1181,5118032,0,0,0,0.0,2775,2775,0,0,893,1882,0,2775,33
2453,195765,71,pair_011_n3_011_control,control,1,0,0,12.55,0.04999999999999999,1100000,11428960,89776,1182,5120074,0,0,0,0.0,2776,2776,0,0,894,1882,0,2776,33
2454,195840,75,pair_015_n3_015_conflict,conflict,1,0,0,12.510000000000002,0.04999999999999999,1100000,11433760,89825,1182,5122248,0,0,0,0.0,2777,2777,0,0,895,1882,0,2777,33
2455,195911,71,pair_005_n5_005_conflict,conflict,1,0,0,12.55,0.04999999999999999,1100000,11438304,89865,1183,5124319,0,0,0,0.0,2778,2778,0,0,895,1883,0,2778,33
2456,195979,68,pair_002_n3_002_control,control,1,0,0,12.580000000000002,0.04999999999999999,1100000,11442656,89899,1183,5126310,0,0,0,0.0,2779,2779,0,0,896,1883,0,2779,33
2457,196047,68,pair_009_n3_009_conflict,conflict,1,0,0,12.580000000000002,0.04999999999999999,1100000,11447008,89924,1183,5128292,0,0,0,0.0,2780,2780,0,0,897,1883,0,2780,33
2458,196113,66,pair_008_n5_008_control,control,1,0,0,12.600000000000001,0.04999999999999999,1100000,11451232,89959,1183,5130195,0,0,0,0.0,2781,2781,0,0,898,1883,0,2781,33
2459,196180,67,pair_008_n3_008_control,control,1,0,0,12.590000000000002,0.04999999999999999,1100000,11455520,89971,1183,5132112,0,0,0,0.0,2781,2781,0,0,898,1883,0,2781,33
2460,196252,72,pair_003_n5_003_control,control,1,0,0,12.540000000000003,0.04999999999999999,1100000,11460128,90001,1184,5134197,0,0,0,0.0,2783,2783,0,0,900,1883,0,2783,33
2461,196325,73,pair_000_n5_000_conflict,conflict,1,0,0,12.530000000000001,0.04999999999999999,1100000,11464800,90047,1185,5136334,0,0,0,0.0,2784,2784,0,0,901,1883,0,2784,33
2462,196395,70,pair_012_n3_012_conflict,conflict,1,0,0,12.560000000000002,0.04999999999999999,1100000,11469280,90073,1185,5138400,0,0,0,0.0,2785,2785,0,0,902,1883,0,2785,33
2463,196464,69,pair_007_n5_007_conflict,conflict,1,0,0,12.570000000000002,0.04999999999999999,1100000,11473696,90106,1185,5140404,0,0,0,0.0,2785,2785,0,0,902,1883,0,2785,33
2464,196533,69,pair_014_n3_014_control,control,1,0,0,12.570000000000002,0.04999999999999999,1100000,11478112,90141,1185,5142439,0,0,0,0.0,2785,2785,0,0,902,1883,0,2785,33
2465,196603,70,pair_015_n5_015_conflict,conflict,1,0,0,12.560000000000002,0.04999999999999999,1100000,11482592,90166,1185,5144456,0,0,0,0.0,2785,2785,0,0,902,1883,0,2785,33
2466,196673,70,pair_007_n3_007_control,control,1,0,0,12.560000000000002,0.04999999999999999,1100000,11487072,90194,1185,5146468,0,0,0,0.0,2785,2785,0,0,902,1883,0,2785,33
2467,196741,68,pair_015_n5_015_control,control,1,0,0,12.580000000000002,0.04999999999999999,1100000,11491424,90213,1185,5148456,0,0,0,0.0,2785,2785,0,0,902,1883,0,2785,33
2468,196809,68,pair_010_n3_010_conflict,conflict,1,0,0,12.580000000000002,0.04999999999999999,1100000,11495776,90222,1185,5150433,0,0,0,0.0,2785,2785,0,0,902,1883,0,2785,33
2469,196885,76,pair_012_n3_012_control,control,1,0,0,12.500000000000002,0.04999999999999999,1100000,11500640,90252,1185,5152566,0,0,0,0.0,2785,2785,0,0,902,1883,0,2785,33
2470,196958,73,pair_016_n3_016_conflict,conflict,1,0,0,12.530000000000001,0.04999999999999999,1100000,11505312,90282,1185,5154630,0,0,0,0.0,2786,2786,0,0,903,1883,0,2786,33
2471,197030,72,pair_003_n3_003_conflict,conflict,1,0,0,12.540000000000003,0.04999999999999999,1100000,11509920,90302,1186,5156567,0,0,0,0.0,2788,2788,0,0,904,1884,0,2788,33
2472,197101,71,pair_015_n3_015_control,control,1,0,0,12.55,0.04999999999999999,1100000,11514464,90329,1186,5158562,0,0,0,0.0,2789,2789,0,0,904,1885,0,2789,33
2473,197171,70,pair_003_n3_003_control,control,1,0,0,12.560000000000002,0.04999999999999999,1100000,11518944,90361,1187,5160521,0,0,0,0.0,2790,2790,0,0,905,1885,0,2790,33
2474,197244,73,pair_003_n5_003_conflict,conflict,1,0,0,12.530000000000001,0.04999999999999999,1100000,11523616,90384,1187,5162584,0,0,0,0.0,2792,2792,0,0,906,1886,0,2792,33
2475,197312,68,pair_017_n5_017_control,control,1,0,0,12.580000000000002,0.04999999999999999,1100000,11527968,90426,1187,5164536,0,0,0,0.0,2793,2793,0,0,907,1886,0,2793,33
2476,197378,66,pair_011_n3_011_conflict,conflict,1,0,0,12.600000000000001,0.04999999999999999,1100000,11532192,90437,1187,5166370,0,0,0,0.0,2793,2793,0,0,907,1886,0,2793,33
2477,197444,66,pair_002_n5_002_control,control,1,0,0,12.600000000000001,0.04999999999999999,1100000,11536416,90467,1187,5168248,0,0,0,0.0,2794,2794,0,0,908,1886,0,2794,33
2478,197512,68,pair_000_n5_000_control,control,1,0,0,12.580000000000002,0.04999999999999999,1100000,11540768,90492,1187,5170211,0,0,0,0.0,2794,2794,0,0,908,1886,0,2794,33
2479,197584,72,pair_013_n5_013_conflict,conflict,1,0,0,12.540000000000001,0.04999999999999999,1100000,11545376,90560,1187,5172197,0,0,0,0.0,2794,2794,0,0,908,1886,0,2794,33
2480,197653,69,pair_005_n3_005_control,control,1,0,0,12.570000000000002,0.04999999999999999,1100000,11549792,90596,1187,5174170,0,0,0,0.0,2794,2794,0,0,908,1886,0,2794,33
2481,197724,71,pair_010_n5_010_conflict,conflict,1,0,0,12.55,0.04999999999999999,1100000,11554336,90606,1187,5176162,0,0,0,0.0,2794,2794,0,0,908,1886,0,2794,33
2482,197794,70,pair_012_n5_012_conflict,conflict,1,0,0,12.560000000000002,0.04999999999999999,1100000,11558816,90634,1187,5178165,0,0,0,0.0,2795,2795,0,0,909,1886,0,2795,33
2483,197866,72,pair_004_n3_004_control,control,1,0,0,12.540000000000001,0.04999999999999999,1100000,11563424,90663,1189,5180216,0,0,0,0.0,2797,2797,0,0,911,1886,0,2797,33
2484,197947,81,pair_002_n5_002_conflict,conflict,1,0,0,12.450000000000003,0.04999999999999999,1100000,11568608,90700,1190,5182477,0,0,0,0.0,2801,2801,0,0,914,1887,0,2801,33
2485,198013,66,pair_009_n3_009_control,control,1,0,0,12.600000000000001,0.04999999999999999,1100000,11572832,90723,1190,5184340,0,0,0,0.0,2802,2802,0,0,915,1887,0,2802,33
2486,198082,69,pair_004_n5_004_conflict,conflict,1,0,0,12.570000000000002,0.04999999999999999,1100000,11577248,90757,1191,5186251,0,0,0,0.0,2803,2803,0,0,915,1888,0,2803,33
2487,198152,70,pair_016_n3_016_control,control,1,0,0,12.560000000000002,0.04999999999999999,1100000,11581728,90790,1191,5188267,0,0,0,0.0,2804,2804,0,0,916,1888,0,2804,33
2488,198226,74,pair_017_n3_017_control,control,1,0,0,12.520000000000001,0.04999999999999999,1100000,11586464,90824,1191,5190348,0,0,0,0.0,2805,2805,0,0,917,1888,0,2805,33
2489,198303,77,pair_006_n3_006_control,control,1,0,0,12.490000000000002,0.04999999999999999,1100000,11591392,90842,1191,5192519,0,0,0,0.0,2807,2807,0,0,919,1888,0,2807,33
2490,198376,73,pair_007_n5_007_control,control,1,0,0,12.530000000000001,0.04999999999999999,1100000,11596064,90870,1191,5194604,0,0,0,0.0,2808,2808,0,0,920,1888,0,2808,33
2491,198444,68,pair_014_n5_014_control,control,1,0,0,12.580000000000002,0.04999999999999999,1100000,11600416,90910,1191,5196526,0,0,0,0.0,2809,2809,0,0,921,1888,0,2809,33
2492,198527,83,pair_014_n5_014_conflict,conflict,1,0,0,12.430000000000001,0.04999999999999999,1100000,11605728,90941,1191,5198897,0,0,0,0.0,2810,2810,0,0,922,1888,0,2810,33
2493,198600,73,pair_009_n5_009_conflict,conflict,1,0,0,12.530000000000001,0.04999999999999999,1100000,11610400,90976,1191,5200945,0,0,0,0.0,2812,2812,0,0,923,1889,0,2812,33
2494,198672,72,pair_001_n5_001_control,control,1,0,0,12.540000000000003,0.04999999999999999,1100000,11615008,90996,1191,5202958,0,0,0,0.0,2812,2812,0,0,923,1889,0,2812,33
2495,198744,72,pair_006_n5_006_control,control,1,0,0,12.540000000000001,0.04999999999999999,1100000,11619616,91019,1191,5205041,0,0,0,0.0,2813,2813,0,0,924,1889,0,2813,33
2496,198810,66,pair_006_n3_006_conflict,conflict,1,0,0,12.600000000000001,0.04999999999999999,1100000,11623840,91037,1191,5206892,0,0,0,0.0,2814,2814,0,0,925,1889,0,2814,33
2497,198889,79,pair_002_n3_002_conflict,conflict,1,0,0,12.470000000000002,0.04999999999999999,1100000,11628896,91067,1191,5209165,0,0,0,0.0,2816,2816,0,0,926,1890,0,2816,33
2498,198959,70,pair_017_n3_017_conflict,conflict,1,0,0,12.560000000000002,0.04999999999999999,1100000,11633376,91106,1191,5211203,0,0,0,0.0,2817,2817,0,0,927,1890,0,2817,33
2499,199032,73,pair_005_n5_005_control,control,1,0,0,12.530000000000001,0.04999999999999999,1100000,11638048,91145,1191,5213287,0,0,0,0.0,2817,2817,0,0,927,1890,0,2817,33
2500,199098,66,pair_016_n5_016_control,control,1,0,0,12.600000000000001,0.04999999999999999,1100000,11642272,91189,1191,5215133,0,0,0,0.0,2818,2818,0,0,928,1890,0,2818,33
2501,199165,67,pair_009_n5_009_control,control,1,0,0,12.590000000000002,0.04999999999999999,1100000,11646560,91241,1191,5217035,0,0,0,0.0,2818,2818,0,0,928,1890,0,2818,33
2502,199231,66,pair_001_n3_001_conflict,conflict,1,0,0,12.600000000000001,0.04999999999999999,1100000,11650784,91251,1191,5218876,0,0,0,0.0,2818,2818,0,0,928,1890,0,2818,33
2503,199299,68,pair_013_n3_013_conflict,conflict,1,0,0,12.580000000000002,0.04999999999999999,1100000,11655136,91296,1191,5220818,0,0,0,0.0,2819,2819,0,0,928,1891,0,2819,33
2504,199383,84,pair_001_n3_001_control,control,1,0,0,12.420000000000002,0.04999999999999999,1100000,11660512,91310,1192,5223181,0,0,0,0.0,2820,2820,0,0,928,1892,0,2820,33
2505,199451,68,pair_012_n5_012_control,control,1,0,0,12.580000000000002,0.04999999999999999,1100000,11664864,91334,1192,5225036,0,0,0,0.0,2820,2820,0,0,928,1892,0,2820,33
2506,199522,71,pair_004_n3_004_conflict,conflict,1,0,0,12.55,0.04999999999999999,1100000,11669408,91357,1192,5227066,0,0,0,0.0,2820,2820,0,0,928,1892,0,2820,33
2507,199600,78,pair_011_n5_011_control,control,1,0,0,12.48,0.04999999999999999,1100000,11674400,91386,1193,5229265,0,0,0,0.0,2821,2821,0,0,928,1893,0,2821,33
2508,199667,67,pair_004_n5_004_control,control,1,0,0,12.590000000000002,0.04999999999999999,1100000,11678688,91417,1193,5231142,0,0,0,0.0,2822,2822,0,0,928,1894,0,2822,33
2509,199745,78,pair_006_n5_006_conflict,conflict,1,0,0,12.480000000000002,0.04999999999999999,1100000,11683680,91468,1194,5233307,0,0,0,0.0,2824,2824,0,0,930,1894,0,2824,33
2510,199814,69,pair_013_n5_013_control,control,1,0,0,12.57,0.04999999999999999,1100000,11688096,91518,1194,5235286,0,0,0,0.0,2825,2825,0,0,931,1894,0,2825,33
2511,199880,66,pair_010_n5_010_control,control,1,0,0,12.600000000000001,0.04999999999999999,1100000,11692320,91563,1194,5237105,0,0,0,0.0,2826,2826,0,0,931,1895,0,2826,33
2512,199953,73,pair_011_n5_011_conflict,conflict,1,0,0,12.530000000000001,0.04999999999999999,1100000,11696992,91599,1195,5239212,0,0,0,0.0,2829,2829,0,0,932,1897,0,2829,33
2513,200000,47,pair_008_n3_008_conflict,conflict,0,0,1,1.6800000000000008,0.04999999999999999,1100000,11700000,91618,1195,5240518,0,0,0,0.0,2830,2830,0,0,932,1898,0,2830,33
